0.51048951	167
1.02097902	164
1.53146853	149
2.04195804	163
2.55244755	178
3.06293706	184
3.57342657	172
4.08391608	150
4.59440559	189
5.1048951	179
5.61538461	162
6.12587412	170
6.63636363	170
7.14685314	183
7.65734265	164
8.16783216	192
8.67832167	167
9.18881118	177
9.69930069	175
10.2097902	178
10.72027971	165
11.23076922	183
11.74125873	187
12.25174824	180
12.76223775	202
13.27272726	172
13.78321677	185
14.29370628	179
14.80419579	196
15.3146853	173
15.82517481	183
16.33566432	175
16.84615383	174
17.35664334	172
17.86713285	173
18.37762236	181
18.88811187	176
19.39860138	184
19.90909089	191
20.4195804	179
20.93006991	206
21.44055942	168
21.95104893	213
22.46153844	194
22.97202795	170
23.48251746	195
23.99300697	219
24.50349648	181
25.01398599	195
25.5244755	179
26.03496501	191
26.54545452	180
27.05594403	202
27.56643354	178
28.07692305	178
28.58741256	170
29.09790207	161
29.60839158	177
30.11888109	185
30.6293706	171
31.13986011	183
31.65034962	188
32.16083913	209
32.67132864	190
33.18181815	157
33.69230766	171
34.20279717	192
34.71328668	175
35.22377619	195
35.7342657	186
36.24475521	195
36.75524472	189
37.26573423	206
37.77622374	210
38.28671325	192
38.79720276	186
39.30769227	193
39.81818178	183
40.32867129	232
40.8391608	213
41.34965031	217
41.86013982	206
42.37062933	202
42.88111884	181
43.39160835	213
43.90209786	219
44.41258737	189
44.92307688	202
45.43356639	193
45.9440559	200
46.45454541	207
46.96503492	214
47.47552443	246
47.98601394	206
48.49650345	235
49.00699296	206
49.51748247	231
50.02797198	173
50.53846149	218
51.048951	230
51.55944051	225
52.06993002	246
52.58041953	222
53.09090904	226
53.60139855	229
54.11188806	216
54.62237757	225
55.13286708	228
55.64335659	243
56.1538461	268
56.66433561	256
57.17482512	248
57.68531463	248
58.19580414	287
58.70629365	254
59.21678316	265
59.72727267	235
60.23776218	240
60.74825169	269
61.2587412	252
61.76923071	266
62.27972022	269
62.79020973	243
63.30069924	228
63.81118875	263
64.32167826	237
64.83216777	258
65.34265728	256
65.85314679	256
66.3636363	266
66.87412581	253
67.38461532	248
67.89510483	264
68.40559434	254
68.91608385	249
69.42657336	278
69.93706287	251
70.44755238	270
70.95804189	279
71.4685314	252
71.97902091	245
72.48951042	268
72.99999993	279
73.51048944	234
74.02097895	242
74.53146846	260
75.04195797	224
75.55244748	230
76.06293699	239
76.5734265	220
77.08391601	235
77.59440552	251
78.10489503	257
78.61538454	214
79.12587405	245
79.63636356	238
80.14685307	231
80.65734258	224
81.16783209	238
81.6783216	246
82.18881111	220
82.69930062	219
83.20979013	240
83.72027964	232
84.23076915	241
84.74125866	209
85.25174817	241
85.76223768	260
86.27272719	225
86.7832167	239
87.29370621	243
87.80419572	225
88.31468523	246
88.82517474	229
89.33566425	236
89.84615376	247
90.35664327	228
90.86713278	258
91.37762229	238
91.8881118	260
92.39860131	214
92.90909082	242
93.41958033	251
93.93006984	225
94.44055935	230
94.95104886	247
95.46153837	233
95.97202788	241
96.48251739	266
96.9930069	249
97.50349641	222
98.01398592	262
98.52447543	234
99.03496494	281
99.54545445	251
100.055944	216
100.5664335	254
101.076923	253
101.5874125	245
102.097902	258
102.6083915	253
103.118881	260
103.6293705	255
104.13986	251
104.6503496	251
105.1608391	253
105.6713286	240
106.1818181	281
106.6923076	249
107.2027971	231
107.7132866	234
108.2237761	247
108.7342656	232
109.2447551	223
109.7552447	258
110.2657342	244
110.7762237	265
111.2867132	256
111.7972027	264
112.3076922	243
112.8181817	271
113.3286712	237
113.8391607	270
114.3496502	238
114.8601398	274
115.3706293	234
115.8811188	270
116.3916083	225
116.9020978	235
117.4125873	261
117.9230768	281
118.4335663	245
118.9440558	256
119.4545453	231
119.9650349	247
120.4755244	240
120.9860139	224
121.4965034	239
122.0069929	244
122.5174824	233
123.0279719	244
123.5384614	255
124.0489509	256
124.5594404	233
125.06993	257
125.5804195	255
126.090909	257
126.6013985	273
127.111888	262
127.6223775	275
128.132867	261
128.6433565	246
129.153846	252
129.6643355	242
130.1748251	248
130.6853146	249
131.1958041	244
131.7062936	237
132.2167831	257
132.7272726	245
133.2377621	235
133.7482516	264
134.2587411	259
134.7692306	263
135.2797202	223
135.7902097	252
136.3006992	268
136.8111887	282
137.3216782	265
137.8321677	228
138.3426572	226
138.8531467	255
139.3636362	216
139.8741257	253
140.3846153	247
140.8951048	265
141.4055943	258
141.9160838	249
142.4265733	263
142.9370628	254
143.4475523	249
143.9580418	244
144.4685313	224
144.9790208	211
145.4895104	276
145.9999999	252
146.5104894	267
147.0209789	219
147.5314684	260
148.0419579	261
148.5524474	253
149.0629369	249
149.5734264	263
150.0839159	245
150.5944055	259
151.104895	249
151.6153845	247
152.125874	243
152.6363635	248
153.146853	240
153.6573425	263
154.167832	295
154.6783215	271
155.188811	241
155.6993006	254
156.2097901	254
156.7202796	280
157.2307691	270
157.7412586	264
158.2517481	284
158.7622376	295
159.2727271	239
159.7832166	302
160.2937061	278
160.8041957	272
161.3146852	247
161.8251747	292
162.3356642	291
162.8461537	288
163.3566432	282
163.8671327	302
164.3776222	290
164.8881117	297
165.3986012	284
165.9090908	284
166.4195803	308
166.9300698	329
167.4405593	287
167.9510488	293
168.4615383	308
168.9720278	283
169.4825173	295
169.9930068	281
170.5034963	271
171.0139859	270
171.5244754	304
172.0349649	286
172.5454544	274
173.0559439	300
173.5664334	258
174.0769229	261
174.5874124	315
175.0979019	255
175.6083914	290
176.118881	310
176.6293705	309
177.13986	317
177.6503495	295
178.160839	307
178.6713285	289
179.181818	289
179.6923075	260
180.202797	277
180.7132865	297
181.2237761	288
181.7342656	292
182.2447551	309
182.7552446	290
183.2657341	268
183.7762236	296
184.2867131	313
184.7972026	336
185.3076921	317
185.8181816	271
186.3286712	313
186.8391607	321
187.3496502	320
187.8601397	274
188.3706292	284
188.8811187	297
189.3916082	286
189.9020977	285
190.4125872	294
190.9230767	285
191.4335663	276
191.9440558	305
192.4545453	309
192.9650348	306
193.4755243	275
193.9860138	301
194.4965033	267
195.0069928	310
195.5174823	252
196.0279718	308
196.5384614	286
197.0489509	307
197.5594404	288
198.0699299	286
198.5804194	277
199.0909089	317
199.6013984	287
200.1118879	287
200.6223774	271
201.1328669	283
201.6433565	279
202.153846	304
202.6643355	292
203.174825	273
203.6853145	276
204.195804	282
204.7062935	269
205.216783	265
205.7272725	268
206.237762	264
206.7482516	284
207.2587411	297
207.7692306	290
208.2797201	281
208.7902096	278
209.3006991	261
209.8111886	295
210.3216781	294
210.8321676	279
211.3426571	288
211.8531467	260
212.3636362	284
212.8741257	276
213.3846152	269
213.8951047	282
214.4055942	283
214.9160837	305
215.4265732	305
215.9370627	278
216.4475522	283
216.9580418	262
217.4685313	274
217.9790208	299
218.4895103	282
218.9999998	259
219.5104893	310
220.0209788	292
220.5314683	250
221.0419578	288
221.5524473	284
222.0629369	275
222.5734264	278
223.0839159	299
223.5944054	261
224.1048949	299
224.6153844	277
225.1258739	267
225.6363634	264
226.1468529	279
226.6573424	276
227.167832	244
227.6783215	260
228.188811	283
228.6993005	306
229.20979	268
229.7202795	275
230.230769	266
230.7412585	273
231.251748	283
231.7622375	289
232.2727271	261
232.7832166	255
233.2937061	290
233.8041956	257
234.3146851	279
234.8251746	268
235.3356641	266
235.8461536	280
236.3566431	279
236.8671326	253
237.3776222	269
237.8881117	266
238.3986012	237
238.9090907	247
239.4195802	247
239.9300697	233
240.4405592	288
240.9510487	228
241.4615382	263
241.9720277	248
242.4825173	273
242.9930068	287
243.5034963	236
244.0139858	261
244.5244753	249
245.0349648	279
245.5454543	239
246.0559438	275
246.5664333	258
247.0769228	247
247.5874124	247
248.0979019	244
248.6083914	228
249.1188809	279
249.6293704	268
250.1398599	267
250.6503494	241
251.1608389	250
251.6713284	296
252.1818179	235
252.6923075	243
253.202797	277
253.7132865	253
254.223776	260
254.7342655	274
255.244755	249
255.7552445	240
256.265734	246
256.7762235	285
257.286713	245
257.7972026	236
258.3076921	257
258.8181816	207
259.3286711	238
259.8391606	253
260.3496501	259
260.8601396	255
261.3706291	266
261.8811186	238
262.3916081	248
262.9020977	233
263.4125872	225
263.9230767	247
264.4335662	233
264.9440557	257
265.4545452	231
265.9650347	241
266.4755242	240
266.9860137	246
267.4965032	226
268.0069928	222
268.5174823	266
269.0279718	226
269.5384613	231
270.0489508	255
270.5594403	229
271.0699298	248
271.5804193	264
272.0909088	222
272.6013983	227
273.1118879	219
273.6223774	260
274.1328669	261
274.6433564	239
275.1538459	236
275.6643354	259
276.1748249	200
276.6853144	254
277.1958039	249
277.7062934	224
278.216783	253
278.7272725	252
279.237762	237
279.7482515	268
280.258741	225
280.7692305	245
281.27972	240
281.7902095	258
282.300699	220
282.8111885	220
283.3216781	211
283.8321676	218
284.3426571	252
284.8531466	218
285.3636361	238
285.8741256	239
286.3846151	251
286.8951046	245
287.4055941	262
287.9160836	195
288.4265732	230
288.9370627	221
289.4475522	221
289.9580417	223
290.4685312	257
290.9790207	266
291.4895102	209
291.9999997	227
292.5104892	219
293.0209787	222
293.5314683	260
294.0419578	213
294.5524473	238
295.0629368	237
295.5734263	190
296.0839158	214
296.5944053	214
297.1048948	244
297.6153843	222
298.1258738	241
298.6363634	215
299.1468529	236
299.6573424	271
300.1678319	222
300.6783214	254
301.1888109	259
301.6993004	257
302.2097899	259
302.7202794	233
303.2307689	204
303.7412585	265
304.251748	214
304.7622375	223
305.272727	216
305.7832165	207
306.293706	244
306.8041955	193
307.314685	209
307.8251745	221
308.335664	218
308.8461536	231
309.3566431	210
309.8671326	233
310.3776221	207
310.8881116	208
311.3986011	238
311.9090906	217
312.4195801	232
312.9300696	233
313.4405591	208
313.9510487	211
314.4615382	222
314.9720277	210
315.4825172	201
315.9930067	207
316.5034962	235
317.0139857	221
317.5244752	209
318.0349647	221
318.5454542	193
319.0559438	217
319.5664333	214
320.0769228	190
320.5874123	179
321.0979018	215
321.6083913	192
322.1188808	188
322.6293703	213
323.1398598	208
323.6503493	217
324.1608389	181
324.6713284	185
325.1818179	185
325.6923074	196
326.2027969	208
326.7132864	175
327.2237759	196
327.7342654	164
328.2447549	158
328.7552444	190
329.265734	162
329.7762235	167
330.286713	176
330.7972025	192
331.307692	179
331.8181815	154
332.328671	157
332.8391605	144
333.34965	161
333.8601395	140
334.3706291	172
334.8811186	136
335.3916081	162
335.9020976	149
336.4125871	148
336.9230766	163
337.4335661	166
337.9440556	154
338.4545451	166
338.9650346	166
339.4755242	151
339.9860137	152
340.4965032	157
341.0069927	139
341.5174822	150
342.0279717	147
342.5384612	149
343.0489507	137
343.5594402	125
344.0699297	128
344.5804193	151
345.0909088	119
345.6013983	130
346.1118878	110
346.6223773	155
347.1328668	124
347.6433563	149
348.1538458	137
348.6643353	125
349.1748248	135
349.6853144	122
350.1958039	117
350.7062934	125
351.2167829	130
351.7272724	128
352.2377619	127
352.7482514	107
353.2587409	133
353.7692304	124
354.2797199	122
354.7902095	106
355.300699	108
355.8111885	122
356.321678	141
356.8321675	104
357.342657	130
357.8531465	119
358.363636	124
358.8741255	132
359.384615	112
359.8951046	109
360.4055941	135
360.9160836	110
361.4265731	112
361.9370626	122
362.4475521	94
362.9580416	119
363.4685311	103
363.9790206	118
364.4895101	119
364.9999997	119
365.5104892	124
366.0209787	125
366.5314682	104
367.0419577	128
367.5524472	133
368.0629367	111
368.5734262	111
369.0839157	113
369.5944052	117
370.1048948	113
370.6153843	111
371.1258738	98
371.6363633	100
372.1468528	99
372.6573423	114
373.1678318	96
373.6783213	90
374.1888108	105
374.6993003	132
375.2097899	103
375.7202794	98
376.2307689	135
376.7412584	91
377.2517479	109
377.7622374	97
378.2727269	113
378.7832164	99
379.2937059	109
379.8041954	135
380.314685	127
380.8251745	97
381.335664	112
381.8461535	117
382.356643	91
382.8671325	122
383.377622	114
383.8881115	90
384.398601	108
384.9090905	82
385.4195801	99
385.9300696	134
386.4405591	102
386.9510486	90
387.4615381	94
387.9720276	99
388.4825171	97
388.9930066	95
389.5034961	86
390.0139856	117
390.5244752	93
391.0349647	105
391.5454542	90
392.0559437	96
392.5664332	116
393.0769227	102
393.5874122	117
394.0979017	108
394.6083912	89
395.1188807	101
395.6293703	97
396.1398598	121
396.6503493	101
397.1608388	119
397.6713283	105
398.1818178	102
398.6923073	100
399.2027968	92
399.7132863	97
400.2237758	87
400.7342654	115
401.2447549	116
401.7552444	97
402.2657339	119
402.7762234	100
403.2867129	116
403.7972024	104
404.3076919	106
404.8181814	92
405.3286709	103
405.8391605	95
406.34965	95
406.8601395	103
407.370629	96
407.8811185	107
408.391608	87
408.9020975	93
409.412587	106
409.9230765	96
410.433566	105
410.9440556	85
411.4545451	107
411.9650346	86
412.4755241	99
412.9860136	91
413.4965031	95
414.0069926	100
414.5174821	91
415.0279716	85
415.5384611	84
416.0489507	101
416.5594402	92
417.0699297	115
417.5804192	96
418.0909087	106
418.6013982	110
419.1118877	106
419.6223772	97
420.1328667	95
420.6433562	91
421.1538458	103
421.6643353	96
422.1748248	84
422.6853143	78
423.1958038	77
423.7062933	98
424.2167828	83
424.7272723	95
425.2377618	111
425.7482513	95
426.2587409	119
426.7692304	107
427.2797199	104
427.7902094	106
428.3006989	92
428.8111884	113
429.3216779	113
429.8321674	97
430.3426569	80
430.8531464	111
431.363636	103
431.8741255	119
432.384615	102
432.8951045	98
433.405594	97
433.9160835	105
434.426573	102
434.9370625	79
435.447552	116
435.9580415	101
436.4685311	119
436.9790206	117
437.4895101	90
437.9999996	103
438.5104891	100
439.0209786	106
439.5314681	109
440.0419576	97
440.5524471	113
441.0629366	103
441.5734262	91
442.0839157	113
442.5944052	92
443.1048947	119
443.6153842	99
444.1258737	115
444.6363632	106
445.1468527	100
445.6573422	121
446.1678317	119
446.6783213	121
447.1888108	121
447.6993003	106
448.2097898	107
448.7202793	107
449.2307688	128
449.7412583	139
450.2517478	121
450.7622373	101
451.2727268	127
451.7832164	105
452.2937059	131
452.8041954	117
453.3146849	110
453.8251744	133
454.3356639	117
454.8461534	133
455.3566429	133
455.8671324	148
456.3776219	164
456.8881115	146
457.398601	153
457.9090905	142
458.41958	149
458.9300695	147
459.440559	157
459.9510485	143
460.461538	157
460.9720275	173
461.482517	174
461.9930066	157
462.5034961	177
463.0139856	177
463.5244751	200
464.0349646	204
464.5454541	181
465.0559436	201
465.5664331	215
466.0769226	179
466.5874121	224
467.0979017	225
467.6083912	254
468.1188807	235
468.6293702	228
469.1398597	238
469.6503492	286
470.1608387	268
470.6713282	294
471.1818177	282
471.6923072	280
472.2027968	312
472.7132863	303
473.2237758	334
473.7342653	337
474.2447548	314
474.7552443	383
475.2657338	337
475.7762233	403
476.2867128	369
476.7972023	386
477.3076919	394
477.8181814	437
478.3286709	443
478.8391604	434
479.3496499	479
479.8601394	529
480.3706289	523
480.8811184	537
481.3916079	562
481.9020974	566
482.412587	602
482.9230765	577
483.433566	620
483.9440555	604
484.454545	656
484.9650345	611
485.475524	681
485.9860135	699
486.496503	789
487.0069925	740
487.5174821	744
488.0279716	800
488.5384611	852
489.0489506	820
489.5594401	811
490.0699296	870
490.5804191	829
491.0909086	860
491.6013981	908
492.1118876	950
492.6223772	969
493.1328667	993
493.6433562	1031
494.1538457	1072
494.6643352	1126
495.1748247	1028
495.6853142	1151
496.1958037	1140
496.7062932	1161
497.2167827	1170
497.7272723	1256
498.2377618	1278
498.7482513	1272
499.2587408	1247
499.7692303	1240
500.2797198	1284
500.7902093	1324
501.3006988	1361
501.8111883	1321
502.3216778	1388
502.8321674	1399
503.3426569	1423
503.8531464	1376
504.3636359	1430
504.8741254	1484
505.3846149	1550
505.8951044	1475
506.4055939	1503
506.9160834	1506
507.4265729	1440
507.9370625	1486
508.447552	1535
508.9580415	1519
509.468531	1517
509.9790205	1515
510.48951	1487
510.9999995	1606
511.510489	1506
512.0209785	1406
512.531468	1546
513.0419576	1517
513.5524471	1517
514.0629366	1537
514.5734261	1535
515.0839156	1516
515.5944051	1561
516.1048946	1523
516.6153841	1473
517.1258736	1445
517.6363631	1429
518.1468527	1435
518.6573422	1442
519.1678317	1349
519.6783212	1472
520.1888107	1523
520.6993002	1473
521.2097897	1341
521.7202792	1394
522.2307687	1302
522.7412582	1347
523.2517478	1275
523.7622373	1258
524.2727268	1242
524.7832163	1280
525.2937058	1188
525.8041953	1200
526.3146848	1190
526.8251743	1160
527.3356638	1077
527.8461533	1120
528.3566429	1119
528.8671324	1037
529.3776219	1003
529.8881114	988
530.3986009	1066
530.9090904	957
531.4195799	925
531.9300694	873
532.4405589	900
532.9510484	837
533.461538	857
533.9720275	829
534.482517	802
534.9930065	802
535.503496	736
536.0139855	740
536.524475	722
537.0349645	605
537.545454	684
538.0559435	624
538.5664331	651
539.0769226	589
539.5874121	547
540.0979016	586
540.6083911	530
541.1188806	497
541.6293701	504
542.1398596	480
542.6503491	470
543.1608386	458
543.6713282	431
544.1818177	412
544.6923072	408
545.2027967	388
545.7132862	377
546.2237757	354
546.7342652	310
547.2447547	345
547.7552442	321
548.2657337	338
548.7762233	293
549.2867128	303
549.7972023	256
550.3076918	229
550.8181813	246
551.3286708	268
551.8391603	231
552.3496498	210
552.8601393	198
553.3706288	203
553.8811184	194
554.3916079	178
554.9020974	184
555.4125869	171
555.9230764	158
556.4335659	163
556.9440554	163
557.4545449	120
557.9650344	130
558.4755239	121
558.9860135	124
559.496503	118
560.0069925	128
560.517482	119
561.0279715	104
561.538461	113
562.0489505	95
562.55944	92
563.0699295	86
563.580419	98
564.0909086	98
564.6013981	81
565.1118876	97
565.6223771	91
566.1328666	88
566.6433561	83
567.1538456	75
567.6643351	71
568.1748246	69
568.6853141	74
569.1958037	77
569.7062932	79
570.2167827	76
570.7272722	78
571.2377617	85
571.7482512	56
572.2587407	56
572.7692302	68
573.2797197	72
573.7902092	60
574.3006988	56
574.8111883	62
575.3216778	61
575.8321673	64
576.3426568	56
576.8531463	58
577.3636358	73
577.8741253	55
578.3846148	52
578.8951043	67
579.4055939	50
579.9160834	58
580.4265729	53
580.9370624	49
581.4475519	50
581.9580414	57
582.4685309	63
582.9790204	66
583.4895099	54
583.9999994	61
584.510489	50
585.0209785	54
585.531468	70
586.0419575	58
586.552447	63
587.0629365	63
587.573426	61
588.0839155	52
588.594405	52
589.1048945	53
589.6153841	68
590.1258736	63
590.6363631	57
591.1468526	51
591.6573421	47
592.1678316	62
592.6783211	54
593.1888106	56
593.6993001	45
594.2097896	63
594.7202792	60
595.2307687	51
595.7412582	48
596.2517477	50
596.7622372	49
597.2727267	58
597.7832162	59
598.2937057	50
598.8041952	46
599.3146847	46
599.8251743	57
600.3356638	58
600.8461533	58
601.3566428	51
601.8671323	53
602.3776218	48
602.8881113	38
603.3986008	55
603.9090903	56
604.4195798	62
604.9300694	44
605.4405589	50
605.9510484	48
606.4615379	65
606.9720274	55
607.4825169	51
607.9930064	52
608.5034959	49
609.0139854	49
609.5244749	54
610.0349645	44
610.545454	57
611.0559435	49
611.566433	47
612.0769225	53
612.587412	42
613.0979015	39
613.608391	55
614.1188805	51
614.62937	50
615.1398596	44
615.6503491	51
616.1608386	47
616.6713281	69
617.1818176	48
617.6923071	56
618.2027966	53
618.7132861	49
619.2237756	43
619.7342651	50
620.2447547	53
620.7552442	62
621.2657337	51
621.7762232	50
622.2867127	54
622.7972022	58
623.3076917	60
623.8181812	60
624.3286707	46
624.8391602	60
625.3496498	47
625.8601393	57
626.3706288	62
626.8811183	51
627.3916078	55
627.9020973	71
628.4125868	59
628.9230763	65
629.4335658	53
629.9440553	56
630.4545449	56
630.9650344	53
631.4755239	47
631.9860134	48
632.4965029	42
633.0069924	48
633.5174819	54
634.0279714	43
634.5384609	50
635.0489504	44
635.55944	43
636.0699295	58
636.580419	48
637.0909085	34
637.601398	54
638.1118875	52
638.622377	61
639.1328665	50
639.643356	57
640.1538455	51
640.6643351	53
641.1748246	44
641.6853141	39
642.1958036	44
642.7062931	38
643.2167826	52
643.7272721	45
644.2377616	44
644.7482511	50
645.2587406	56
645.7692302	41
646.2797197	64
646.7902092	53
647.3006987	47
647.8111882	47
648.3216777	44
648.8321672	50
649.3426567	53
649.8531462	50
650.3636357	45
650.8741253	45
651.3846148	52
651.8951043	50
652.4055938	52
652.9160833	58
653.4265728	69
653.9370623	50
654.4475518	53
654.9580413	54
655.4685308	63
655.9790204	55
656.4895099	53
656.9999994	47
657.5104889	51
658.0209784	51
658.5314679	52
659.0419574	54
659.5524469	54
660.0629364	44
660.5734259	48
661.0839155	53
661.594405	48
662.1048945	51
662.615384	44
663.1258735	65
663.636363	49
664.1468525	59
664.657342	47
665.1678315	61
665.678321	68
666.1888106	44
666.6993001	52
667.2097896	54
667.7202791	68
668.2307686	58
668.7412581	58
669.2517476	41
669.7622371	53
670.2727266	50
670.7832161	59
671.2937057	60
671.8041952	55
672.3146847	46
672.8251742	50
673.3356637	55
673.8461532	65
674.3566427	55
674.8671322	55
675.3776217	54
675.8881112	38
676.3986008	54
676.9090903	50
677.4195798	41
677.9300693	56
678.4405588	58
678.9510483	43
679.4615378	66
679.9720273	43
680.4825168	43
680.9930063	46
681.5034959	52
682.0139854	57
682.5244749	54
683.0349644	64
683.5454539	55
684.0559434	63
684.5664329	57
685.0769224	57
685.5874119	54
686.0979014	62
686.608391	58
687.1188805	52
687.62937	56
688.1398595	37
688.650349	52
689.1608385	42
689.671328	65
690.1818175	60
690.692307	57
691.2027965	55
691.7132861	54
692.2237756	51
692.7342651	56
693.2447546	51
693.7552441	47
694.2657336	59
694.7762231	64
695.2867126	51
695.7972021	59
696.3076916	51
696.8181812	56
697.3286707	51
697.8391602	48
698.3496497	48
698.8601392	66
699.3706287	61
699.8811182	50
700.3916077	60
700.9020972	62
701.4125867	72
701.9230763	47
702.4335658	63
702.9440553	54
703.4545448	64
703.9650343	61
704.4755238	51
704.9860133	51
705.4965028	56
706.0069923	71
706.5174818	56
707.0279714	53
707.5384609	56
708.0489504	60
708.5594399	68
709.0699294	66
709.5804189	48
710.0909084	49
710.6013979	35
711.1118874	50
711.6223769	66
712.1328665	63
712.643356	59
713.1538455	60
713.664335	63
714.1748245	60
714.685314	38
715.1958035	69
715.706293	56
716.2167825	68
716.727272	66
717.2377616	74
717.7482511	62
718.2587406	60
718.7692301	57
719.2797196	62
719.7902091	59
720.3006986	54
720.8111881	53
721.3216776	59
721.8321671	53
722.3426567	63
722.8531462	61
723.3636357	48
723.8741252	55
724.3846147	48
724.8951042	52
725.4055937	54
725.9160832	73
726.4265727	63
726.9370622	61
727.4475518	67
727.9580413	55
728.4685308	58
728.9790203	53
729.4895098	50
729.9999993	67
730.5104888	47
731.0209783	60
731.5314678	61
732.0419573	51
732.5524469	56
733.0629364	61
733.5734259	55
734.0839154	56
734.5944049	62
735.1048944	59
735.6153839	54
736.1258734	44
736.6363629	59
737.1468524	49
737.657342	61
738.1678315	56
738.678321	64
739.1888105	59
739.6993	54
740.2097895	51
740.720279	60
741.2307685	49
741.741258	58
742.2517475	50
742.7622371	56
743.2727266	51
743.7832161	46
744.2937056	46
744.8041951	47
745.3146846	50
745.8251741	49
746.3356636	57
746.8461531	44
747.3566426	53
747.8671322	43
748.3776217	55
748.8881112	54
749.3986007	60
749.9090902	59
750.4195797	62
750.9300692	51
751.4405587	59
751.9510482	58
752.4615377	54
752.9720273	75
753.4825168	51
753.9930063	46
754.5034958	52
755.0139853	53
755.5244748	62
756.0349643	55
756.5454538	76
757.0559433	51
757.5664328	62
758.0769224	45
758.5874119	52
759.0979014	68
759.6083909	63
760.1188804	53
760.6293699	65
761.1398594	50
761.6503489	62
762.1608384	66
762.6713279	61
763.1818175	51
763.692307	66
764.2027965	51
764.713286	59
765.2237755	50
765.734265	61
766.2447545	58
766.755244	54
767.2657335	47
767.776223	48
768.2867126	50
768.7972021	61
769.3076916	51
769.8181811	51
770.3286706	56
770.8391601	51
771.3496496	65
771.8601391	45
772.3706286	57
772.8811181	51
773.3916077	60
773.9020972	54
774.4125867	53
774.9230762	56
775.4335657	42
775.9440552	59
776.4545447	51
776.9650342	58
777.4755237	52
777.9860132	66
778.4965028	77
779.0069923	54
779.5174818	48
780.0279713	49
780.5384608	55
781.0489503	45
781.5594398	55
782.0699293	43
782.5804188	58
783.0909083	54
783.6013979	54
784.1118874	46
784.6223769	54
785.1328664	51
785.6433559	61
786.1538454	38
786.6643349	51
787.1748244	40
787.6853139	46
788.1958034	48
788.706293	47
789.2167825	56
789.727272	57
790.2377615	50
790.748251	55
791.2587405	49
791.76923	46
792.2797195	60
792.790209	54
793.3006985	47
793.8111881	48
794.3216776	56
794.8321671	48
795.3426566	48
795.8531461	47
796.3636356	45
796.8741251	57
797.3846146	50
797.8951041	47
798.4055936	51
798.9160832	58
799.4265727	44
799.9370622	45
800.4475517	50
800.9580412	44
801.4685307	49
801.9790202	65
802.4895097	57
802.9999992	33
803.5104887	45
804.0209783	58
804.5314678	54
805.0419573	47
805.5524468	42
806.0629363	56
806.5734258	67
807.0839153	51
807.5944048	46
808.1048943	56
808.6153838	49
809.1258734	37
809.6363629	50
810.1468524	48
810.6573419	41
811.1678314	53
811.6783209	49
812.1888104	50
812.6992999	54
813.2097894	66
813.7202789	46
814.2307685	66
814.741258	58
815.2517475	47
815.762237	54
816.2727265	49
816.783216	47
817.2937055	41
817.804195	55
818.3146845	45
818.825174	36
819.3356636	40
819.8461531	64
820.3566426	36
820.8671321	45
821.3776216	50
821.8881111	45
822.3986006	48
822.9090901	50
823.4195796	47
823.9300691	40
824.4405587	57
824.9510482	47
825.4615377	54
825.9720272	44
826.4825167	57
826.9930062	40
827.5034957	38
828.0139852	52
828.5244747	57
829.0349642	41
829.5454538	57
830.0559433	46
830.5664328	50
831.0769223	42
831.5874118	50
832.0979013	55
832.6083908	60
833.1188803	41
833.6293698	46
834.1398593	44
834.6503489	44
835.1608384	36
835.6713279	50
836.1818174	45
836.6923069	65
837.2027964	49
837.7132859	44
838.2237754	43
838.7342649	56
839.2447544	48
839.755244	49
840.2657335	48
840.776223	53
841.2867125	42
841.797202	46
842.3076915	40
842.818181	42
843.3286705	53
843.83916	61
844.3496495	56
844.8601391	38
845.3706286	57
845.8811181	57
846.3916076	60
846.9020971	58
847.4125866	55
847.9230761	55
848.4335656	58
848.9440551	42
849.4545446	46
849.9650342	55
850.4755237	45
850.9860132	29
851.4965027	49
852.0069922	46
852.5174817	45
853.0279712	53
853.5384607	44
854.0489502	55
854.5594397	47
855.0699293	46
855.5804188	44
856.0909083	56
856.6013978	46
857.1118873	49
857.6223768	47
858.1328663	49
858.6433558	50
859.1538453	34
859.6643348	45
860.1748244	43
860.6853139	51
861.1958034	51
861.7062929	56
862.2167824	48
862.7272719	58
863.2377614	49
863.7482509	52
864.2587404	34
864.7692299	56
865.2797195	60
865.790209	44
866.3006985	46
866.811188	44
867.3216775	53
867.832167	53
868.3426565	49
868.853146	46
869.3636355	45
869.874125	59
870.3846146	65
870.8951041	49
871.4055936	51
871.9160831	63
872.4265726	54
872.9370621	59
873.4475516	52
873.9580411	54
874.4685306	50
874.9790201	41
875.4895097	36
875.9999992	44
876.5104887	44
877.0209782	52
877.5314677	57
878.0419572	51
878.5524467	44
879.0629362	37
879.5734257	45
880.0839152	47
880.5944048	46
881.1048943	58
881.6153838	53
882.1258733	41
882.6363628	49
883.1468523	40
883.6573418	44
884.1678313	45
884.6783208	44
885.1888103	60
885.6992999	34
886.2097894	42
886.7202789	50
887.2307684	61
887.7412579	43
888.2517474	68
888.7622369	45
889.2727264	46
889.7832159	56
890.2937054	50
890.804195	53
891.3146845	58
891.825174	55
892.3356635	57
892.846153	49
893.3566425	49
893.867132	56
894.3776215	49
894.888111	57
895.3986005	48
895.9090901	44
896.4195796	41
896.9300691	62
897.4405586	73
897.9510481	54
898.4615376	46
898.9720271	45
899.4825166	42
899.9930061	52
900.5034956	61
901.0139852	48
901.5244747	55
902.0349642	53
902.5454537	55
903.0559432	49
903.5664327	54
904.0769222	58
904.5874117	36
905.0979012	45
905.6083907	42
906.1188803	45
906.6293698	59
907.1398593	47
907.6503488	48
908.1608383	58
908.6713278	41
909.1818173	45
909.6923068	41
910.2027963	42
910.7132858	49
911.2237754	44
911.7342649	50
912.2447544	52
912.7552439	49
913.2657334	52
913.7762229	56
914.2867124	57
914.7972019	55
915.3076914	52
915.8181809	65
916.3286705	53
916.83916	64
917.3496495	59
917.860139	45
918.3706285	51
918.881118	57
919.3916075	55
919.902097	46
920.4125865	62
920.923076	43
921.4335656	54
921.9440551	61
922.4545446	55
922.9650341	60
923.4755236	33
923.9860131	48
924.4965026	56
925.0069921	51
925.5174816	41
926.0279711	54
926.5384607	49
927.0489502	48
927.5594397	57
928.0699292	59
928.5804187	44
929.0909082	52
929.6013977	51
930.1118872	43
930.6223767	54
931.1328662	62
931.6433558	45
932.1538453	48
932.6643348	52
933.1748243	63
933.6853138	56
934.1958033	52
934.7062928	51
935.2167823	53
935.7272718	51
936.2377613	58
936.7482509	59
937.2587404	69
937.7692299	36
938.2797194	51
938.7902089	46
939.3006984	72
939.8111879	36
940.3216774	56
940.8321669	53
941.3426564	58
941.853146	55
942.3636355	53
942.874125	48
943.3846145	38
943.895104	58
944.4055935	46
944.916083	49
945.4265725	55
945.937062	47
946.4475515	42
946.9580411	60
947.4685306	60
947.9790201	71
948.4895096	62
948.9999991	63
949.5104886	50
950.0209781	50
950.5314676	57
951.0419571	62
951.5524466	70
952.0629362	42
952.5734257	54
953.0839152	52
953.5944047	55
954.1048942	57
954.6153837	59
955.1258732	52
955.6363627	49
956.1468522	53
956.6573417	50
957.1678313	55
957.6783208	44
958.1888103	48
958.6992998	52
959.2097893	55
959.7202788	56
960.2307683	62
960.7412578	46
961.2517473	52
961.7622368	51
962.2727264	53
962.7832159	39
963.2937054	67
963.8041949	68
964.3146844	47
964.8251739	47
965.3356634	63
965.8461529	51
966.3566424	56
966.8671319	49
967.3776215	51
967.888111	63
968.3986005	57
968.90909	57
969.4195795	58
969.930069	44
970.4405585	50
970.951048	53
971.4615375	57
971.972027	61
972.4825166	50
972.9930061	61
973.5034956	60
974.0139851	49
974.5244746	58
975.0349641	42
975.5454536	45
976.0559431	53
976.5664326	52
977.0769221	49
977.5874117	50
978.0979012	37
978.6083907	54
979.1188802	44
979.6293697	47
980.1398592	53
980.6503487	55
981.1608382	53
981.6713277	55
982.1818172	54
982.6923068	61
983.2027963	41
983.7132858	54
984.2237753	54
984.7342648	53
985.2447543	41
985.7552438	48
986.2657333	60
986.7762228	53
987.2867123	58
987.7972019	50
988.3076914	60
988.8181809	49
989.3286704	51
989.8391599	49
990.3496494	53
990.8601389	53
991.3706284	43
991.8811179	45
992.3916074	46
992.902097	47
993.4125865	52
993.923076	42
994.4335655	44
994.944055	49
995.4545445	56
995.965034	58
996.4755235	49
996.986013	49
997.4965025	52
998.0069921	47
998.5174816	48
999.0279711	50
999.5384606	50
1000.04895	65
1000.55944	66
1001.069929	53
1001.580419	57
1002.090908	57
1002.601398	50
1003.111887	44
1003.622377	49
1004.132866	57
1004.643356	56
1005.153845	49
1005.664335	50
1006.174824	53
1006.685314	45
1007.195803	61
1007.706293	52
1008.216782	64
1008.727272	41
1009.237761	47
1009.748251	55
1010.25874	56
1010.76923	50
1011.279719	55
1011.790209	57
1012.300698	49
1012.811188	46
1013.321677	46
1013.832167	34
1014.342656	52
1014.853146	40
1015.363635	46
1015.874125	45
1016.384614	48
1016.895104	44
1017.405593	48
1017.916083	43
1018.426572	55
1018.937062	48
1019.447551	48
1019.958041	38
1020.46853	43
1020.97902	53
1021.48951	42
1021.999999	43
1022.510489	58
1023.020978	46
1023.531468	43
1024.041957	47
1024.552447	52
1025.062936	48
1025.573426	54
1026.083915	39
1026.594405	42
1027.104894	44
1027.615384	55
1028.125873	58
1028.636363	50
1029.146852	47
1029.657342	58
1030.167831	33
1030.678321	36
1031.18881	47
1031.6993	49
1032.209789	52
1032.720279	45
1033.230768	50
1033.741258	56
1034.251747	48
1034.762237	54
1035.272726	35
1035.783216	44
1036.293705	38
1036.804195	42
1037.314684	41
1037.825174	42
1038.335663	46
1038.846153	43
1039.356642	38
1039.867132	51
1040.377621	38
1040.888111	36
1041.3986	37
1041.90909	38
1042.419579	43
1042.930069	37
1043.440558	26
1043.951048	31
1044.461537	30
1044.972027	48
1045.482516	37
1045.993006	48
1046.503496	34
1047.013985	30
1047.524475	31
1048.034964	33
1048.545454	37
1049.055943	37
1049.566433	38
1050.076922	43
1050.587412	38
1051.097901	39
1051.608391	31
1052.11888	41
1052.62937	41
1053.139859	32
1053.650349	38
1054.160838	30
1054.671328	35
1055.181817	42
1055.692307	30
1056.202796	38
1056.713286	38
1057.223775	36
1057.734265	32
1058.244754	36
1058.755244	33
1059.265733	28
1059.776223	34
1060.286712	34
1060.797202	34
1061.307691	27
1061.818181	33
1062.32867	41
1062.83916	36
1063.349649	41
1063.860139	31
1064.370628	40
1064.881118	26
1065.391607	38
1065.902097	31
1066.412586	37
1066.923076	32
1067.433565	32
1067.944055	29
1068.454544	33
1068.965034	43
1069.475523	29
1069.986013	41
1070.496502	35
1071.006992	35
1071.517481	31
1072.027971	28
1072.538461	31
1073.04895	25
1073.55944	40
1074.069929	32
1074.580419	20
1075.090908	28
1075.601398	33
1076.111887	26
1076.622377	22
1077.132866	30
1077.643356	32
1078.153845	32
1078.664335	30
1079.174824	26
1079.685314	31
1080.195803	22
1080.706293	24
1081.216782	31
1081.727272	28
1082.237761	47
1082.748251	26
1083.25874	23
1083.76923	34
1084.279719	23
1084.790209	35
1085.300698	22
1085.811188	26
1086.321677	31
1086.832167	26
1087.342656	32
1087.853146	29
1088.363635	40
1088.874125	20
1089.384614	31
1089.895104	31
1090.405593	30
1090.916083	20
1091.426572	31
1091.937062	24
1092.447551	23
1092.958041	33
1093.46853	31
1093.97902	18
1094.489509	32
1094.999999	27
1095.510488	23
1096.020978	28
1096.531467	28
1097.041957	22
1097.552447	27
1098.062936	32
1098.573426	25
1099.083915	26
1099.594405	25
1100.104894	27
1100.615384	24
1101.125873	23
1101.636363	22
1102.146852	25
1102.657342	28
1103.167831	26
1103.678321	23
1104.18881	29
1104.6993	28
1105.209789	29
1105.720279	26
1106.230768	20
1106.741258	25
1107.251747	25
1107.762237	30
1108.272726	30
1108.783216	21
1109.293705	13
1109.804195	26
1110.314684	22
1110.825174	26
1111.335663	22
1111.846153	33
1112.356642	25
1112.867132	31
1113.377621	29
1113.888111	29
1114.3986	30
1114.90909	37
1115.419579	28
1115.930069	19
1116.440558	25
1116.951048	19
1117.461537	25
1117.972027	26
1118.482516	18
1118.993006	23
1119.503495	27
1120.013985	14
1120.524474	19
1121.034964	27
1121.545453	25
1122.055943	26
1122.566432	25
1123.076922	22
1123.587412	36
1124.097901	21
1124.608391	21
1125.11888	18
1125.62937	25
1126.139859	21
1126.650349	25
1127.160838	20
1127.671328	27
1128.181817	20
1128.692307	25
1129.202796	22
1129.713286	12
1130.223775	22
1130.734265	27
1131.244754	17
1131.755244	24
1132.265733	26
1132.776223	31
1133.286712	25
1133.797202	24
1134.307691	22
1134.818181	16
1135.32867	23
1135.83916	16
1136.349649	19
1136.860139	31
1137.370628	26
1137.881118	30
1138.391607	26
1138.902097	16
1139.412586	21
1139.923076	27
1140.433565	32
1140.944055	21
1141.454544	34
1141.965034	27
1142.475523	23
1142.986013	20
1143.496502	22
1144.006992	18
1144.517481	18
1145.027971	24
1145.53846	29
1146.04895	20
1146.559439	22
1147.069929	29
1147.580418	28
1148.090908	25
1148.601398	19
1149.111887	27
1149.622377	23
1150.132866	19
1150.643356	28
1151.153845	27
1151.664335	31
1152.174824	22
1152.685314	28
1153.195803	29
1153.706293	16
1154.216782	25
1154.727272	27
1155.237761	14
1155.748251	32
1156.25874	27
1156.76923	25
1157.279719	26
1157.790209	28
1158.300698	22
1158.811188	24
1159.321677	23
1159.832167	24
1160.342656	16
1160.853146	29
1161.363635	37
1161.874125	26
1162.384614	25
1162.895104	18
1163.405593	26
1163.916083	30
1164.426572	21
1164.937062	28
1165.447551	22
1165.958041	24
1166.46853	27
1166.97902	20
1167.489509	28
1167.999999	27
1168.510488	23
1169.020978	40
1169.531467	31
1170.041957	32
1170.552446	27
1171.062936	24
1171.573425	26
1172.083915	34
1172.594404	23
1173.104894	22
1173.615383	27
1174.125873	26
1174.636363	19
1175.146852	24
1175.657342	29
1176.167831	27
1176.678321	29
1177.18881	28
1177.6993	29
1178.209789	37
1178.720279	16
1179.230768	34
1179.741258	34
1180.251747	25
1180.762237	22
1181.272726	21
1181.783216	32
1182.293705	33
1182.804195	37
1183.314684	30
1183.825174	27
1184.335663	27
1184.846153	33
1185.356642	29
1185.867132	28
1186.377621	33
1186.888111	20
1187.3986	39
1187.90909	35
1188.419579	28
1188.930069	30
1189.440558	37
1189.951048	21
1190.461537	33
1190.972027	38
1191.482516	33
1191.993006	44
1192.503495	37
1193.013985	33
1193.524474	43
1194.034964	35
1194.545453	42
1195.055943	32
1195.566432	44
1196.076922	34
1196.587411	30
1197.097901	38
1197.60839	37
1198.11888	43
1198.629369	45
1199.139859	40
1199.650349	36
1200.160838	35
1200.671328	34
1201.181817	46
1201.692307	46
1202.202796	49
1202.713286	41
1203.223775	32
1203.734265	41
1204.244754	41
1204.755244	38
1205.265733	54
1205.776223	62
1206.286712	56
1206.797202	44
1207.307691	46
1207.818181	45
1208.32867	56
1208.83916	45
1209.349649	50
1209.860139	62
1210.370628	46
1210.881118	46
1211.391607	61
1211.902097	55
1212.412586	56
1212.923076	50
1213.433565	68
1213.944055	58
1214.454544	51
1214.965034	81
1215.475523	51
1215.986013	79
1216.496502	57
1217.006992	74
1217.517481	67
1218.027971	59
1218.53846	67
1219.04895	72
1219.559439	74
1220.069929	64
1220.580418	75
1221.090908	84
1221.601397	85
1222.111887	105
1222.622376	76
1223.132866	92
1223.643355	101
1224.153845	85
1224.664334	87
1225.174824	79
1225.685314	88
1226.195803	79
1226.706293	80
1227.216782	106
1227.727272	88
1228.237761	106
1228.748251	83
1229.25874	86
1229.76923	101
1230.279719	108
1230.790209	97
1231.300698	106
1231.811188	101
1232.321677	109
1232.832167	107
1233.342656	115
1233.853146	99
1234.363635	128
1234.874125	112
1235.384614	112
1235.895104	118
1236.405593	122
1236.916083	120
1237.426572	128
1237.937062	127
1238.447551	114
1238.958041	116
1239.46853	116
1239.97902	114
1240.489509	138
1240.999999	143
1241.510488	133
1242.020978	126
1242.531467	138
1243.041957	129
1243.552446	120
1244.062936	158
1244.573425	134
1245.083915	141
1245.594404	154
1246.104894	182
1246.615383	158
1247.125873	140
1247.636362	151
1248.146852	125
1248.657341	144
1249.167831	150
1249.67832	143
1250.18881	150
1250.6993	161
1251.209789	156
1251.720279	155
1252.230768	156
1252.741258	168
1253.251747	159
1253.762237	165
1254.272726	163
1254.783216	178
1255.293705	161
1255.804195	172
1256.314684	165
1256.825174	179
1257.335663	159
1257.846153	188
1258.356642	162
1258.867132	197
1259.377621	161
1259.888111	175
1260.3986	169
1260.90909	170
1261.419579	195
1261.930069	185
1262.440558	159
1262.951048	166
1263.461537	156
1263.972027	190
1264.482516	175
1264.993006	176
1265.503495	177
1266.013985	188
1266.524474	171
1267.034964	188
1267.545453	177
1268.055943	188
1268.566432	200
1269.076922	203
1269.587411	169
1270.097901	168
1270.60839	180
1271.11888	197
1271.629369	192
1272.139859	186
1272.650348	188
1273.160838	175
1273.671327	197
1274.181817	182
1274.692306	177
1275.202796	170
1275.713285	204
1276.223775	184
1276.734265	146
1277.244754	194
1277.755244	175
1278.265733	186
1278.776223	193
1279.286712	176
1279.797202	177
1280.307691	166
1280.818181	194
1281.32867	167
1281.83916	171
1282.349649	177
1282.860139	170
1283.370628	169
1283.881118	172
1284.391607	163
1284.902097	159
1285.412586	178
1285.923076	174
1286.433565	160
1286.944055	159
1287.454544	189
1287.965034	161
1288.475523	168
1288.986013	149
1289.496502	156
1290.006992	151
1290.517481	161
1291.027971	187
1291.53846	163
1292.04895	134
1292.559439	147
1293.069929	153
1293.580418	136
1294.090908	151
1294.601397	147
1295.111887	154
1295.622376	147
1296.132866	127
1296.643355	134
1297.153845	139
1297.664334	156
1298.174824	116
1298.685313	126
1299.195803	108
1299.706292	112
1300.216782	124
1300.727271	127
1301.237761	130
1301.748251	136
1302.25874	104
1302.76923	101
1303.279719	143
1303.790209	110
1304.300698	106
1304.811188	106
1305.321677	109
1305.832167	126
1306.342656	107
1306.853146	120
1307.363635	108
1307.874125	113
1308.384614	108
1308.895104	129
1309.405593	75
1309.916083	84
1310.426572	102
1310.937062	103
1311.447551	97
1311.958041	97
1312.46853	95
1312.97902	106
1313.489509	88
1313.999999	94
1314.510488	79
1315.020978	90
1315.531467	85
1316.041957	79
1316.552446	88
1317.062936	79
1317.573425	73
1318.083915	77
1318.594404	74
1319.104894	70
1319.615383	67
1320.125873	76
1320.636362	58
1321.146852	63
1321.657341	63
1322.167831	58
1322.67832	77
1323.18881	58
1323.699299	60
1324.209789	55
1324.720278	68
1325.230768	62
1325.741257	65
1326.251747	59
1326.762236	70
1327.272726	46
1327.783216	69
1328.293705	54
1328.804195	47
1329.314684	62
1329.825174	52
1330.335663	58
1330.846153	48
1331.356642	47
1331.867132	54
1332.377621	51
1332.888111	42
1333.3986	41
1333.90909	52
1334.419579	46
1334.930069	34
1335.440558	35
1335.951048	44
1336.461537	46
1336.972027	49
1337.482516	39
1337.993006	39
1338.503495	37
1339.013985	35
1339.524474	29
1340.034964	23
1340.545453	42
1341.055943	36
1341.566432	37
1342.076922	37
1342.587411	46
1343.097901	30
1343.60839	41
1344.11888	28
1344.629369	40
1345.139859	25
1345.650348	29
1346.160838	29
1346.671327	39
1347.181817	25
1347.692306	29
1348.202796	34
1348.713285	29
1349.223775	38
1349.734264	41
1350.244754	29
1350.755243	35
1351.265733	16
1351.776222	42
1352.286712	29
1352.797202	22
1353.307691	24
1353.818181	30
1354.32867	32
1354.83916	36
1355.349649	23
1355.860139	29
1356.370628	22
1356.881118	24
1357.391607	32
1357.902097	33
1358.412586	23
1358.923076	39
1359.433565	30
1359.944055	27
1360.454544	28
1360.965034	25
1361.475523	27
1361.986013	26
1362.496502	33
1363.006992	19
1363.517481	26
1364.027971	27
1364.53846	34
1365.04895	18
1365.559439	38
1366.069929	31
1366.580418	25
1367.090908	30
1367.601397	30
1368.111887	19
1368.622376	30
1369.132866	27
1369.643355	16
1370.153845	20
1370.664334	34
1371.174824	26
1371.685313	26
1372.195803	22
1372.706292	30
1373.216782	23
1373.727271	25
1374.237761	22
1374.74825	27
1375.25874	25
1375.769229	18
1376.279719	20
1376.790208	26
1377.300698	19
1377.811187	24
1378.321677	30
1378.832167	26
1379.342656	22
1379.853146	21
1380.363635	28
1380.874125	25
1381.384614	24
1381.895104	24
1382.405593	30
1382.916083	18
1383.426572	21
1383.937062	23
1384.447551	20
1384.958041	19
1385.46853	26
1385.97902	27
1386.489509	14
1386.999999	22
1387.510488	27
1388.020978	29
1388.531467	19
1389.041957	19
1389.552446	17
1390.062936	21
1390.573425	19
1391.083915	33
1391.594404	25
1392.104894	17
1392.615383	18
1393.125873	27
1393.636362	18
1394.146852	15
1394.657341	29
1395.167831	26
1395.67832	22
1396.18881	14
1396.699299	27
1397.209789	24
1397.720278	21
1398.230768	11
1398.741257	20
1399.251747	19
1399.762236	26
1400.272726	26
1400.783215	20
1401.293705	26
1401.804194	22
1402.314684	22
1402.825173	20
1403.335663	24
1403.846153	22
1404.356642	25
1404.867132	24
1405.377621	22
1405.888111	22
1406.3986	17
1406.90909	23
1407.419579	20
1407.930069	14
1408.440558	14
1408.951048	22
1409.461537	22
1409.972027	22
1410.482516	21
1410.993006	19
1411.503495	24
1412.013985	18
1412.524474	20
1413.034964	22
1413.545453	23
1414.055943	12
1414.566432	17
1415.076922	19
1415.587411	21
1416.097901	19
1416.60839	20
1417.11888	18
1417.629369	21
1418.139859	16
1418.650348	21
1419.160838	23
1419.671327	18
1420.181817	26
1420.692306	12
1421.202796	28
1421.713285	19
1422.223775	18
1422.734264	20
1423.244754	26
1423.755243	21
1424.265733	26
1424.776222	26
1425.286712	20
1425.797201	20
1426.307691	20
1426.81818	24
1427.32867	19
1427.839159	15
1428.349649	30
1428.860138	24
1429.370628	25
1429.881118	20
1430.391607	26
1430.902097	19
1431.412586	27
1431.923076	15
1432.433565	15
1432.944055	20
1433.454544	12
1433.965034	31
1434.475523	29
1434.986013	24
1435.496502	32
1436.006992	27
1436.517481	24
1437.027971	24
1437.53846	17
1438.04895	17
1438.559439	16
1439.069929	18
1439.580418	30
1440.090908	14
1440.601397	22
1441.111887	22
1441.622376	12
1442.132866	18
1442.643355	18
1443.153845	30
1443.664334	34
1444.174824	23
1444.685313	17
1445.195803	22
1445.706292	21
1446.216782	24
1446.727271	19
1447.237761	26
1447.74825	32
1448.25874	30
1448.769229	29
1449.279719	23
1449.790208	18
1450.300698	17
1450.811187	21
1451.321677	29
1451.832166	25
1452.342656	21
1452.853145	37
1453.363635	20
1453.874124	27
1454.384614	27
1454.895104	19
1455.405593	22
1455.916083	28
1456.426572	22
1456.937062	24
1457.447551	16
1457.958041	19
1458.46853	23
1458.97902	27
1459.489509	28
1459.999999	22
1460.510488	21
1461.020978	25
1461.531467	21
1462.041957	21
1462.552446	24
1463.062936	25
1463.573425	17
1464.083915	22
1464.594404	28
1465.104894	18
1465.615383	18
1466.125873	20
1466.636362	26
1467.146852	22
1467.657341	22
1468.167831	13
1468.67832	19
1469.18881	22
1469.699299	27
1470.209789	27
1470.720278	22
1471.230768	15
1471.741257	26
1472.251747	23
1472.762236	33
1473.272726	26
1473.783215	18
1474.293705	19
1474.804194	28
1475.314684	25
1475.825173	31
1476.335663	36
1476.846152	27
1477.356642	26
1477.867131	20
1478.377621	23
1478.88811	23
1479.3986	21
1479.909089	31
1480.419579	28
1480.930069	23
1481.440558	34
1481.951048	19
1482.461537	28
1482.972027	26
1483.482516	18
1483.993006	16
1484.503495	42
1485.013985	25
1485.524474	23
1486.034964	27
1486.545453	21
1487.055943	30
1487.566432	16
1488.076922	23
1488.587411	22
1489.097901	14
1489.60839	23
1490.11888	21
1490.629369	25
1491.139859	15
1491.650348	24
1492.160838	24
1492.671327	18
1493.181817	26
1493.692306	22
1494.202796	26
1494.713285	21
1495.223775	25
1495.734264	24
1496.244754	23
1496.755243	22
1497.265733	18
1497.776222	27
1498.286712	23
1498.797201	24
1499.307691	24
1499.81818	32
1500.32867	26
1500.839159	25
1501.349649	29
1501.860138	27
1502.370628	20
1502.881117	20
1503.391607	25
1503.902096	18
1504.412586	20
1504.923075	27
1505.433565	22
1505.944055	25
1506.454544	18
1506.965034	28
1507.475523	19
1507.986013	23
1508.496502	28
1509.006992	23
1509.517481	23
1510.027971	24
1510.53846	23
1511.04895	25
1511.559439	29
1512.069929	25
1512.580418	27
1513.090908	16
1513.601397	14
1514.111887	19
1514.622376	18
1515.132866	25
1515.643355	26
1516.153845	17
1516.664334	23
1517.174824	30
1517.685313	20
1518.195803	21
1518.706292	20
1519.216782	15
1519.727271	28
1520.237761	23
1520.74825	21
1521.25874	21
1521.769229	16
1522.279719	26
1522.790208	29
1523.300698	25
1523.811187	16
1524.321677	21
1524.832166	15
1525.342656	20
1525.853145	15
1526.363635	25
1526.874124	21
1527.384614	25
1527.895103	25
1528.405593	19
1528.916082	24
1529.426572	15
1529.937061	14
1530.447551	16
1530.95804	21
1531.46853	19
1531.97902	15
1532.489509	24
1532.999999	23
1533.510488	25
1534.020978	9
1534.531467	18
1535.041957	25
1535.552446	14
1536.062936	11
1536.573425	19
1537.083915	11
1537.594404	28
1538.104894	21
1538.615383	14
1539.125873	23
1539.636362	19
1540.146852	14
1540.657341	15
1541.167831	17
1541.67832	22
1542.18881	22
1542.699299	19
1543.209789	21
1543.720278	20
1544.230768	15
1544.741257	21
1545.251747	21
1545.762236	22
1546.272726	18
1546.783215	18
1547.293705	25
1547.804194	18
1548.314684	21
1548.825173	27
1549.335663	17
1549.846152	21
1550.356642	29
1550.867131	26
1551.377621	22
1551.88811	20
1552.3986	20
1552.909089	16
1553.419579	23
1553.930068	20
1554.440558	17
1554.951047	19
1555.461537	23
1555.972026	27
1556.482516	26
1556.993006	29
1557.503495	32
1558.013985	16
1558.524474	22
1559.034964	20
1559.545453	21
1560.055943	20
1560.566432	24
1561.076922	20
1561.587411	20
1562.097901	15
1562.60839	24
1563.11888	22
1563.629369	20
1564.139859	17
1564.650348	22
1565.160838	15
1565.671327	17
1566.181817	14
1566.692306	20
1567.202796	23
1567.713285	16
1568.223775	18
1568.734264	17
1569.244754	23
1569.755243	14
1570.265733	21
1570.776222	11
1571.286712	18
1571.797201	24
1572.307691	15
1572.81818	15
1573.32867	16
1573.839159	13
1574.349649	13
1574.860138	16
1575.370628	10
1575.881117	9
1576.391607	14
1576.902096	10
1577.412586	15
1577.923075	12
1578.433565	17
1578.944054	14
1579.454544	16
1579.965033	17
1580.475523	20
1580.986012	18
1581.496502	21
1582.006991	16
1582.517481	20
1583.027971	15
1583.53846	11
1584.04895	7
1584.559439	16
1585.069929	17
1585.580418	10
1586.090908	17
1586.601397	13
1587.111887	15
1587.622376	13
1588.132866	18
1588.643355	19
1589.153845	18
1589.664334	13
1590.174824	10
1590.685313	14
1591.195803	15
1591.706292	10
1592.216782	11
1592.727271	7
1593.237761	13
1593.74825	8
1594.25874	15
1594.769229	11
1595.279719	13
1595.790208	18
1596.300698	19
1596.811187	15
1597.321677	13
1597.832166	12
1598.342656	13
1598.853145	17
1599.363635	17
1599.874124	12
1600.384614	11
1600.895103	12
1601.405593	12
1601.916082	16
1602.426572	16
1602.937061	15
1603.447551	8
1603.95804	8
1604.46853	10
1604.979019	16
1605.489509	13
1605.999998	14
1606.510488	8
1607.020977	14
1607.531467	14
1608.041957	11
1608.552446	13
1609.062936	15
1609.573425	15
1610.083915	9
1610.594404	19
1611.104894	8
1611.615383	12
1612.125873	11
1612.636362	14
1613.146852	15
1613.657341	13
1614.167831	10
1614.67832	14
1615.18881	11
1615.699299	12
1616.209789	6
1616.720278	9
1617.230768	14
1617.741257	9
1618.251747	9
1618.762236	9
1619.272726	5
1619.783215	10
1620.293705	15
1620.804194	10
1621.314684	14
1621.825173	7
1622.335663	13
1622.846152	10
1623.356642	11
1623.867131	8
1624.377621	10
1624.88811	12
1625.3986	15
1625.909089	13
1626.419579	7
1626.930068	9
1627.440558	8
1627.951047	10
1628.461537	9
1628.972026	10
1629.482516	10
1629.993005	16
1630.503495	16
1631.013984	8
1631.524474	3
1632.034963	9
1632.545453	9
1633.055942	8
1633.566432	8
1634.076922	13
1634.587411	10
1635.097901	8
1635.60839	12
1636.11888	8
1636.629369	5
1637.139859	6
1637.650348	8
1638.160838	8
1638.671327	10
1639.181817	6
1639.692306	8
1640.202796	9
1640.713285	11
1641.223775	13
1641.734264	11
1642.244754	3
1642.755243	8
1643.265733	11
1643.776222	5
1644.286712	8
1644.797201	12
1645.307691	12
1645.81818	10
1646.32867	11
1646.839159	13
1647.349649	6
1647.860138	11
1648.370628	8
1648.881117	6
1649.391607	5
1649.902096	8
1650.412586	11
1650.923075	5
1651.433565	9
1651.944054	8
1652.454544	5
1652.965033	8
1653.475523	7
1653.986012	6
1654.496502	8
1655.006991	13
1655.517481	8
1656.02797	8
1656.53846	8
1657.048949	11
1657.559439	6
1658.069928	5
1658.580418	6
1659.090908	8
1659.601397	12
1660.111887	10
1660.622376	10
1661.132866	10
1661.643355	7
1662.153845	11
1662.664334	8
1663.174824	12
1663.685313	5
1664.195803	6
1664.706292	10
1665.216782	6
1665.727271	8
1666.237761	9
1666.74825	9
1667.25874	2
1667.769229	8
1668.279719	4
1668.790208	14
1669.300698	8
1669.811187	9
1670.321677	9
1670.832166	6
1671.342656	5
1671.853145	9
1672.363635	9
1672.874124	10
1673.384614	5
1673.895103	7
1674.405593	5
1674.916082	8
1675.426572	8
1675.937061	6
1676.447551	6
1676.95804	6
1677.46853	4
1677.979019	9
1678.489509	8
1678.999998	8
1679.510488	7
1680.020977	3
1680.531467	7
1681.041956	9
1681.552446	2
1682.062935	10
1682.573425	11
1683.083914	5
1683.594404	9
1684.104893	8
1684.615383	6
1685.125873	8
1685.636362	7
1686.146852	8
1686.657341	10
1687.167831	8
1687.67832	9
1688.18881	6
1688.699299	2
1689.209789	6
1689.720278	7
1690.230768	5
1690.741257	7
1691.251747	5
1691.762236	10
1692.272726	6
1692.783215	5
1693.293705	9
1693.804194	6
1694.314684	12
1694.825173	5
1695.335663	11
1695.846152	7
1696.356642	10
1696.867131	9
1697.377621	10
1697.88811	5
1698.3986	11
1698.909089	6
1699.419579	5
1699.930068	8
1700.440558	6
1700.951047	9
1701.461537	7
1701.972026	8
1702.482516	5
1702.993005	7
1703.503495	13
1704.013984	10
1704.524474	2
1705.034963	8
1705.545453	7
1706.055942	7
1706.566432	7
1707.076921	6
1707.587411	7
1708.0979	7
1708.60839	11
1709.118879	14
1709.629369	11
1710.139859	8
1710.650348	7
1711.160838	9
1711.671327	9
1712.181817	10
1712.692306	10
1713.202796	5
1713.713285	7
1714.223775	12
1714.734264	15
1715.244754	11
1715.755243	7
1716.265733	13
1716.776222	15
1717.286712	8
1717.797201	14
1718.307691	15
1718.81818	16
1719.32867	12
1719.839159	11
1720.349649	15
1720.860138	6
1721.370628	10
1721.881117	14
1722.391607	11
1722.902096	9
1723.412586	8
1723.923075	8
1724.433565	14
1724.944054	9
1725.454544	14
1725.965033	7
1726.475523	10
1726.986012	12
1727.496502	17
1728.006991	20
1728.517481	12
1729.02797	14
1729.53846	10
1730.048949	12
1730.559439	17
1731.069928	10
1731.580418	17
1732.090907	17
1732.601397	8
1733.111886	19
1733.622376	12
1734.132865	24
1734.643355	19
1735.153844	20
1735.664334	9
1736.174824	17
1736.685313	17
1737.195803	20
1737.706292	9
1738.216782	17
1738.727271	21
1739.237761	19
1739.74825	11
1740.25874	16
1740.769229	25
1741.279719	16
1741.790208	19
1742.300698	15
1742.811187	15
1743.321677	12
1743.832166	15
1744.342656	26
1744.853145	23
1745.363635	17
1745.874124	24
1746.384614	17
1746.895103	15
1747.405593	25
1747.916082	25
1748.426572	17
1748.937061	22
1749.447551	16
1749.95804	18
1750.46853	15
1750.979019	18
1751.489509	25
1751.999998	12
1752.510488	30
1753.020977	28
1753.531467	28
1754.041956	13
1754.552446	17
1755.062935	24
1755.573425	23
1756.083914	30
1756.594404	23
1757.104893	18
1757.615383	31
1758.125872	21
1758.636362	31
1759.146851	18
1759.657341	27
1760.16783	25
1760.67832	27
1761.18881	36
1761.699299	24
1762.209789	28
1762.720278	33
1763.230768	32
1763.741257	25
1764.251747	29
1764.762236	25
1765.272726	31
1765.783215	41
1766.293705	33
1766.804194	37
1767.314684	38
1767.825173	33
1768.335663	26
1768.846152	46
1769.356642	44
1769.867131	39
1770.377621	29
1770.88811	42
1771.3986	25
1771.909089	27
1772.419579	34
1772.930068	24
1773.440558	30
1773.951047	27
1774.461537	50
1774.972026	47
1775.482516	30
1775.993005	28
1776.503495	42
1777.013984	30
1777.524474	34
1778.034963	41
1778.545453	34
1779.055942	34
1779.566432	40
1780.076921	37
1780.587411	36
1781.0979	44
1781.60839	36
1782.118879	33
1782.629369	40
1783.139858	41
1783.650348	29
1784.160837	39
1784.671327	43
1785.181816	48
1785.692306	39
1786.202795	33
1786.713285	40
1787.223775	44
1787.734264	45
1788.244754	32
1788.755243	42
1789.265733	35
1789.776222	36
1790.286712	48
1790.797201	26
1791.307691	34
1791.81818	31
1792.32867	34
1792.839159	47
1793.349649	40
1793.860138	45
1794.370628	47
1794.881117	33
1795.391607	34
1795.902096	41
1796.412586	34
1796.923075	37
1797.433565	36
1797.944054	44
1798.454544	44
1798.965033	42
1799.475523	55
1799.986012	37
1800.496502	47
1801.006991	42
1801.517481	51
1802.02797	48
1802.53846	35
1803.048949	45
1803.559439	31
1804.069928	37
1804.580418	28
1805.090907	35
1805.601397	49
1806.111886	45
1806.622376	49
1807.132865	50
1807.643355	36
1808.153844	30
1808.664334	41
1809.174823	46
1809.685313	47
1810.195802	31
1810.706292	39
1811.216781	46
1811.727271	38
1812.237761	52
1812.74825	40
1813.25874	47
1813.769229	32
1814.279719	36
1814.790208	33
1815.300698	51
1815.811187	40
1816.321677	30
1816.832166	37
1817.342656	30
1817.853145	40
1818.363635	29
1818.874124	34
1819.384614	42
1819.895103	36
1820.405593	39
1820.916082	35
1821.426572	38
1821.937061	44
1822.447551	44
1822.95804	29
1823.46853	48
1823.979019	37
1824.489509	37
1824.999998	33
1825.510488	30
1826.020977	38
1826.531467	35
1827.041956	41
1827.552446	29
1828.062935	28
1828.573425	34
1829.083914	24
1829.594404	30
1830.104893	36
1830.615383	32
1831.125872	32
1831.636362	27
1832.146851	33
1832.657341	31
1833.16783	25
1833.67832	41
1834.188809	26
1834.699299	22
1835.209788	29
1835.720278	27
1836.230767	37
1836.741257	27
1837.251746	31
1837.762236	28
1838.272726	23
1838.783215	17
1839.293705	21
1839.804194	18
1840.314684	25
1840.825173	20
1841.335663	20
1841.846152	11
1842.356642	27
1842.867131	22
1843.377621	19
1843.88811	18
1844.3986	22
1844.909089	12
1845.419579	15
1845.930068	7
1846.440558	13
1846.951047	25
1847.461537	16
1847.972026	13
1848.482516	13
1848.993005	14
1849.503495	14
1850.013984	22
1850.524474	15
1851.034963	20
1851.545453	18
1852.055942	16
1852.566432	22
1853.076921	20
1853.587411	16
1854.0979	14
1854.60839	16
1855.118879	14
1855.629369	14
1856.139858	20
1856.650348	16
1857.160837	8
1857.671327	18
1858.181816	16
1858.692306	10
1859.202795	10
1859.713285	12
1860.223774	13
1860.734264	8
1861.244753	12
1861.755243	11
1862.265732	7
1862.776222	10
1863.286712	10
1863.797201	17
1864.307691	15
1864.81818	11
1865.32867	4
1865.839159	11
1866.349649	7
1866.860138	8
1867.370628	10
1867.881117	14
1868.391607	14
1868.902096	6
1869.412586	7
1869.923075	6
1870.433565	10
1870.944054	7
1871.454544	6
1871.965033	8
1872.475523	7
1872.986012	10
1873.496502	9
1874.006991	11
1874.517481	5
1875.02797	6
1875.53846	7
1876.048949	10
1876.559439	9
1877.069928	10
1877.580418	6
1878.090907	3
1878.601397	7
1879.111886	6
1879.622376	6
1880.132865	3
1880.643355	6
1881.153844	4
1881.664334	7
1882.174823	5
1882.685313	4
1883.195802	2
1883.706292	7
1884.216781	2
1884.727271	3
1885.23776	4
1885.74825	4
1886.258739	3
1886.769229	3
1887.279718	3
1887.790208	3
1888.300697	2
1888.811187	7
1889.321677	4
1889.832166	5
1890.342656	4
1890.853145	5
1891.363635	3
1891.874124	0
1892.384614	5
1892.895103	3
1893.405593	3
1893.916082	4
1894.426572	0
1894.937061	1
1895.447551	3
1895.95804	1
1896.46853	4
1896.979019	2
1897.489509	5
1897.999998	4
1898.510488	0
1899.020977	5
1899.531467	3
1900.041956	7
1900.552446	6
1901.062935	6
1901.573425	3
1902.083914	2
1902.594404	3
1903.104893	2
1903.615383	1
1904.125872	5
1904.636362	2
1905.146851	2
1905.657341	2
1906.16783	1
1906.67832	5
1907.188809	1
1907.699299	1
1908.209788	3
1908.720278	0
1909.230767	2
1909.741257	1
1910.251746	1
1910.762236	1
1911.272725	3
1911.783215	0
1912.293704	4
1912.804194	1
1913.314683	2
1913.825173	4
1914.335663	5
1914.846152	1
1915.356642	1
1915.867131	1
1916.377621	4
1916.88811	4
1917.3986	0
1917.909089	1
1918.419579	3
1918.930068	1
1919.440558	2
1919.951047	0
1920.461537	1
1920.972026	2
1921.482516	3
1921.993005	5
1922.503495	4
1923.013984	2
1923.524474	2
1924.034963	1
1924.545453	0
1925.055942	2
1925.566432	2
1926.076921	1
1926.587411	4
1927.0979	1
1927.60839	1
1928.118879	2
1928.629369	2
1929.139858	0
1929.650348	0
1930.160837	2
1930.671327	0
1931.181816	1
1931.692306	2
1932.202795	2
1932.713285	0
1933.223774	1
1933.734264	0
1934.244753	2
1934.755243	1
1935.265732	0
1935.776222	1
1936.286711	1
1936.797201	1
1937.30769	2
1937.81818	2
1938.328669	0
1938.839159	2
1939.349648	3
1939.860138	0
1940.370628	1
1940.881117	1
1941.391607	4
1941.902096	1
1942.412586	0
1942.923075	0
1943.433565	1
1943.944054	1
1944.454544	3
1944.965033	2
1945.475523	0
1945.986012	2
1946.496502	0
1947.006991	0
1947.517481	1
1948.02797	1
1948.53846	0
1949.048949	1
1949.559439	3
1950.069928	1
1950.580418	1
1951.090907	0
1951.601397	0
1952.111886	1
1952.622376	0
1953.132865	3
1953.643355	1
1954.153844	3
1954.664334	1
1955.174823	0
1955.685313	0
1956.195802	2
1956.706292	1
1957.216781	2
1957.727271	0
1958.23776	0
1958.74825	1
1959.258739	3
1959.769229	3
1960.279718	1
1960.790208	1
1961.300697	1
1961.811187	0
1962.321676	1
1962.832166	1
1963.342655	1
1963.853145	3
1964.363634	2
1964.874124	2
1965.384614	2
1965.895103	2
1966.405593	1
1966.916082	0
1967.426572	1
1967.937061	2
1968.447551	1
1968.95804	0
1969.46853	2
1969.979019	1
1970.489509	0
1970.999998	3
1971.510488	0
1972.020977	1
1972.531467	3
1973.041956	0
1973.552446	2
1974.062935	1
1974.573425	1
1975.083914	2
1975.594404	0
1976.104893	3
1976.615383	2
1977.125872	1
1977.636362	0
1978.146851	2
1978.657341	0
1979.16783	1
1979.67832	2
1980.188809	0
1980.699299	1
1981.209788	1
1981.720278	1
1982.230767	3
1982.741257	2
1983.251746	1
1983.762236	2
1984.272725	1
1984.783215	0
1985.293704	0
1985.804194	1
1986.314683	1
1986.825173	1
1987.335662	1
1987.846152	1
1988.356641	1
1988.867131	2
1989.37762	2
1989.88811	1
1990.398599	1
1990.909089	7
1991.419579	2
1991.930068	3
1992.440558	1
1992.951047	1
1993.461537	1
1993.972026	1
1994.482516	1
1994.993005	0
1995.503495	0
1996.013984	1
1996.524474	1
1997.034963	4
1997.545453	0
1998.055942	0
1998.566432	0
1999.076921	0
1999.587411	0
2000.0979	5
2000.60839	0
2001.118879	2
2001.629369	0
2002.139858	2
2002.650348	1
2003.160837	2
2003.671327	0
2004.181816	3
2004.692306	1
2005.202795	1
2005.713285	1
2006.223774	1
2006.734264	0
2007.244753	3
2007.755243	0
2008.265732	1
2008.776222	1
2009.286711	1
2009.797201	1
2010.30769	3
2010.81818	1
2011.328669	1
2011.839159	0
2012.349648	1
2012.860138	0
2013.370627	0
2013.881117	2
2014.391606	3
2014.902096	1
2015.412585	1
2015.923075	1
2016.433565	3
2016.944054	2
2017.454544	0
2017.965033	1
2018.475523	1
2018.986012	3
2019.496502	0
2020.006991	2
2020.517481	1
2021.02797	0
2021.53846	1
2022.048949	0
2022.559439	0
2023.069928	1
2023.580418	2
2024.090907	3
2024.601397	2
2025.111886	1
2025.622376	1
2026.132865	0
2026.643355	0
2027.153844	2
2027.664334	3
2028.174823	1
2028.685313	0
2029.195802	0
2029.706292	1
2030.216781	1
2030.727271	0
2031.23776	1
2031.74825	1
2032.258739	0
2032.769229	0
2033.279718	0
2033.790208	1
2034.300697	0
2034.811187	0
2035.321676	2
2035.832166	1
2036.342655	1
2036.853145	1
2037.363634	0
2037.874124	0
2038.384613	1
2038.895103	0
2039.405592	0
2039.916082	1
2040.426571	2
2040.937061	0
2041.44755	0
2041.95804	3
2042.46853	2
2042.979019	1
2043.489509	0
2043.999998	2
2044.510488	0
2045.020977	2
2045.531467	0
2046.041956	2
2046.552446	0
2047.062935	0
2047.573425	0
2048.083914	1
2048.594404	1
2049.104893	1
2049.615383	1
2050.125872	1
2050.636362	0
2051.146851	0
2051.657341	2
2052.16783	2
2052.67832	0
2053.188809	0
2053.699299	3
2054.209788	3
2054.720278	1
2055.230767	0
2055.741257	0
2056.251746	1
2056.762236	0
2057.272725	0
2057.783215	2
2058.293704	0
2058.804194	0
2059.314683	0
2059.825173	0
2060.335662	0
2060.846152	1
2061.356641	0
2061.867131	0
2062.37762	0
2062.88811	1
2063.398599	0
2063.909089	1
2064.419578	1
2064.930068	0
2065.440557	0
2065.951047	0
2066.461536	1
2066.972026	1
2067.482516	1
2067.993005	2
2068.503495	1
2069.013984	2
2069.524474	0
2070.034963	0
2070.545453	0
2071.055942	0
2071.566432	0
2072.076921	1
2072.587411	0
2073.0979	2
2073.60839	0
2074.118879	1
2074.629369	0
2075.139858	0
2075.650348	0
2076.160837	1
2076.671327	1
2077.181816	0
2077.692306	1
2078.202795	0
2078.713285	0
2079.223774	0
2079.734264	2
2080.244753	1
2080.755243	1
2081.265732	1
2081.776222	0
2082.286711	1
2082.797201	1
2083.30769	0
2083.81818	0
2084.328669	0
2084.839159	0
2085.349648	0
2085.860138	1
2086.370627	0
2086.881117	1
2087.391606	1
2087.902096	1
2088.412585	0
2088.923075	0
2089.433564	1
2089.944054	0
2090.454543	0
2090.965033	0