0.51048951	0
1.02097902	0
1.53146853	0
2.04195804	0
2.55244755	0
3.06293706	0
3.57342657	0
4.08391608	0
4.59440559	0
5.1048951	0
5.61538461	0
6.12587412	0
6.63636363	0
7.14685314	0
7.65734265	0
8.16783216	0
8.67832167	0
9.18881118	0
9.69930069	0
10.2097902	0
10.72027971	0
11.23076922	0
11.74125873	0
12.25174824	0
12.76223775	0
13.27272726	0
13.78321677	0
14.29370628	0
14.80419579	0
15.3146853	0
15.82517481	0
16.33566432	0
16.84615383	0
17.35664334	0
17.86713285	0
18.37762236	0
18.88811187	0
19.39860138	0
19.90909089	0
20.4195804	0
20.93006991	0
21.44055942	0
21.95104893	0
22.46153844	0
22.97202795	0
23.48251746	0
23.99300697	0
24.50349648	0
25.01398599	0
25.5244755	0
26.03496501	0
26.54545452	0
27.05594403	0
27.56643354	0
28.07692305	0
28.58741256	0
29.09790207	0
29.60839158	0
30.11888109	0
30.6293706	0
31.13986011	0
31.65034962	0
32.16083913	0
32.67132864	0
33.18181815	0
33.69230766	0
34.20279717	0
34.71328668	0
35.22377619	0
35.7342657	0
36.24475521	0
36.75524472	0
37.26573423	0
37.77622374	0
38.28671325	0
38.79720276	0
39.30769227	0
39.81818178	0
40.32867129	0
40.8391608	0
41.34965031	0
41.86013982	0
42.37062933	0
42.88111884	0
43.39160835	0
43.90209786	0
44.41258737	0
44.92307688	0
45.43356639	0
45.9440559	0
46.45454541	0
46.96503492	0
47.47552443	0
47.98601394	0
48.49650345	0
49.00699296	0
49.51748247	0
50.02797198	0
50.53846149	0
51.048951	0
51.55944051	0
52.06993002	0
52.58041953	0
53.09090904	0
53.60139855	0
54.11188806	0
54.62237757	0
55.13286708	0
55.64335659	0
56.1538461	0
56.66433561	0
57.17482512	0
57.68531463	0
58.19580414	0
58.70629365	0
59.21678316	0
59.72727267	0
60.23776218	0
60.74825169	0
61.2587412	0
61.76923071	0
62.27972022	0
62.79020973	0
63.30069924	0
63.81118875	0
64.32167826	0
64.83216777	0
65.34265728	0
65.85314679	0
66.3636363	0
66.87412581	0
67.38461532	0
67.89510483	0
68.40559434	0
68.91608385	0
69.42657336	0
69.93706287	0
70.44755238	0
70.95804189	0
71.4685314	0
71.97902091	0
72.48951042	0
72.99999993	0
73.51048944	1
74.02097895	0
74.53146846	0
75.04195797	0
75.55244748	0
76.06293699	0
76.5734265	0
77.08391601	0
77.59440552	0
78.10489503	0
78.61538454	0
79.12587405	0
79.63636356	0
80.14685307	0
80.65734258	0
81.16783209	0
81.6783216	0
82.18881111	0
82.69930062	0
83.20979013	0
83.72027964	0
84.23076915	0
84.74125866	0
85.25174817	0
85.76223768	0
86.27272719	0
86.7832167	0
87.29370621	0
87.80419572	0
88.31468523	0
88.82517474	0
89.33566425	0
89.84615376	0
90.35664327	0
90.86713278	0
91.37762229	0
91.8881118	0
92.39860131	0
92.90909082	0
93.41958033	0
93.93006984	0
94.44055935	0
94.95104886	0
95.46153837	0
95.97202788	0
96.48251739	0
96.9930069	0
97.50349641	0
98.01398592	0
98.52447543	0
99.03496494	0
99.54545445	0
100.055944	0
100.5664335	0
101.076923	0
101.5874125	0
102.097902	0
102.6083915	0
103.118881	0
103.6293705	0
104.13986	0
104.6503496	0
105.1608391	0
105.6713286	0
106.1818181	0
106.6923076	0
107.2027971	0
107.7132866	0
108.2237761	0
108.7342656	0
109.2447551	0
109.7552447	0
110.2657342	0
110.7762237	0
111.2867132	0
111.7972027	0
112.3076922	0
112.8181817	0
113.3286712	0
113.8391607	0
114.3496502	0
114.8601398	0
115.3706293	0
115.8811188	0
116.3916083	0
116.9020978	0
117.4125873	0
117.9230768	0
118.4335663	0
118.9440558	0
119.4545453	0
119.9650349	0
120.4755244	0
120.9860139	0
121.4965034	0
122.0069929	0
122.5174824	0
123.0279719	0
123.5384614	0
124.0489509	0
124.5594404	0
125.06993	0
125.5804195	0
126.090909	0
126.6013985	0
127.111888	0
127.6223775	0
128.132867	0
128.6433565	0
129.153846	0
129.6643355	0
130.1748251	0
130.6853146	0
131.1958041	0
131.7062936	0
132.2167831	0
132.7272726	0
133.2377621	0
133.7482516	0
134.2587411	0
134.7692306	0
135.2797202	0
135.7902097	0
136.3006992	0
136.8111887	0
137.3216782	0
137.8321677	0
138.3426572	0
138.8531467	0
139.3636362	0
139.8741257	0
140.3846153	0
140.8951048	0
141.4055943	0
141.9160838	0
142.4265733	0
142.9370628	0
143.4475523	0
143.9580418	0
144.4685313	0
144.9790208	0
145.4895104	0
145.9999999	0
146.5104894	0
147.0209789	0
147.5314684	0
148.0419579	0
148.5524474	0
149.0629369	0
149.5734264	0
150.0839159	0
150.5944055	0
151.104895	0
151.6153845	0
152.125874	0
152.6363635	0
153.146853	0
153.6573425	0
154.167832	0
154.6783215	0
155.188811	0
155.6993006	0
156.2097901	0
156.7202796	0
157.2307691	0
157.7412586	0
158.2517481	0
158.7622376	0
159.2727271	0
159.7832166	0
160.2937061	0
160.8041957	0
161.3146852	0
161.8251747	0
162.3356642	0
162.8461537	0
163.3566432	0
163.8671327	0
164.3776222	0
164.8881117	0
165.3986012	0
165.9090908	0
166.4195803	0
166.9300698	0
167.4405593	0
167.9510488	0
168.4615383	0
168.9720278	0
169.4825173	0
169.9930068	0
170.5034963	0
171.0139859	0
171.5244754	0
172.0349649	0
172.5454544	0
173.0559439	0
173.5664334	0
174.0769229	0
174.5874124	0
175.0979019	0
175.6083914	0
176.118881	0
176.6293705	0
177.13986	1
177.6503495	0
178.160839	1
178.6713285	0
179.181818	0
179.6923075	0
180.202797	0
180.7132865	0
181.2237761	0
181.7342656	0
182.2447551	0
182.7552446	2
183.2657341	1
183.7762236	0
184.2867131	0
184.7972026	0
185.3076921	0
185.8181816	1
186.3286712	0
186.8391607	0
187.3496502	0
187.8601397	0
188.3706292	0
188.8811187	0
189.3916082	0
189.9020977	0
190.4125872	2
190.9230767	0
191.4335663	0
191.9440558	0
192.4545453	0
192.9650348	0
193.4755243	0
193.9860138	1
194.4965033	0
195.0069928	0
195.5174823	0
196.0279718	1
196.5384614	0
197.0489509	1
197.5594404	1
198.0699299	0
198.5804194	1
199.0909089	0
199.6013984	1
200.1118879	0
200.6223774	1
201.1328669	0
201.6433565	0
202.153846	0
202.6643355	0
203.174825	1
203.6853145	1
204.195804	0
204.7062935	0
205.216783	1
205.7272725	0
206.237762	0
206.7482516	0
207.2587411	0
207.7692306	1
208.2797201	2
208.7902096	0
209.3006991	1
209.8111886	0
210.3216781	1
210.8321676	0
211.3426571	0
211.8531467	0
212.3636362	0
212.8741257	0
213.3846152	0
213.8951047	0
214.4055942	0
214.9160837	0
215.4265732	1
215.9370627	0
216.4475522	0
216.9580418	0
217.4685313	0
217.9790208	0
218.4895103	1
218.9999998	0
219.5104893	0
220.0209788	0
220.5314683	0
221.0419578	0
221.5524473	1
222.0629369	0
222.5734264	0
223.0839159	0
223.5944054	0
224.1048949	0
224.6153844	0
225.1258739	0
225.6363634	0
226.1468529	0
226.6573424	0
227.167832	0
227.6783215	0
228.188811	1
228.6993005	0
229.20979	1
229.7202795	0
230.230769	0
230.7412585	0
231.251748	0
231.7622375	0
232.2727271	0
232.7832166	0
233.2937061	0
233.8041956	0
234.3146851	1
234.8251746	0
235.3356641	0
235.8461536	0
236.3566431	1
236.8671326	0
237.3776222	0
237.8881117	0
238.3986012	0
238.9090907	0
239.4195802	0
239.9300697	2
240.4405592	0
240.9510487	0
241.4615382	0
241.9720277	0
242.4825173	0
242.9930068	0
243.5034963	0
244.0139858	1
244.5244753	0
245.0349648	0
245.5454543	0
246.0559438	0
246.5664333	0
247.0769228	0
247.5874124	0
248.0979019	0
248.6083914	0
249.1188809	0
249.6293704	0
250.1398599	0
250.6503494	1
251.1608389	0
251.6713284	2
252.1818179	0
252.6923075	0
253.202797	0
253.7132865	0
254.223776	0
254.7342655	0
255.244755	1
255.7552445	1
256.265734	0
256.7762235	0
257.286713	0
257.7972026	1
258.3076921	0
258.8181816	0
259.3286711	1
259.8391606	0
260.3496501	0
260.8601396	0
261.3706291	2
261.8811186	0
262.3916081	0
262.9020977	0
263.4125872	0
263.9230767	0
264.4335662	0
264.9440557	0
265.4545452	0
265.9650347	0
266.4755242	0
266.9860137	0
267.4965032	0
268.0069928	0
268.5174823	1
269.0279718	1
269.5384613	0
270.0489508	0
270.5594403	0
271.0699298	0
271.5804193	0
272.0909088	0
272.6013983	0
273.1118879	2
273.6223774	0
274.1328669	0
274.6433564	1
275.1538459	0
275.6643354	0
276.1748249	0
276.6853144	0
277.1958039	0
277.7062934	0
278.216783	1
278.7272725	0
279.237762	0
279.7482515	0
280.258741	0
280.7692305	0
281.27972	0
281.7902095	0
282.300699	0
282.8111885	0
283.3216781	0
283.8321676	0
284.3426571	0
284.8531466	0
285.3636361	1
285.8741256	0
286.3846151	0
286.8951046	0
287.4055941	0
287.9160836	1
288.4265732	0
288.9370627	0
289.4475522	0
289.9580417	1
290.4685312	0
290.9790207	0
291.4895102	0
291.9999997	0
292.5104892	1
293.0209787	1
293.5314683	0
294.0419578	0
294.5524473	0
295.0629368	0
295.5734263	1
296.0839158	0
296.5944053	1
297.1048948	2
297.6153843	0
298.1258738	0
298.6363634	0
299.1468529	1
299.6573424	0
300.1678319	0
300.6783214	0
301.1888109	0
301.6993004	1
302.2097899	0
302.7202794	0
303.2307689	0
303.7412585	0
304.251748	0
304.7622375	0
305.272727	0
305.7832165	0
306.293706	0
306.8041955	0
307.314685	2
307.8251745	1
308.335664	0
308.8461536	0
309.3566431	0
309.8671326	0
310.3776221	0
310.8881116	0
311.3986011	0
311.9090906	0
312.4195801	0
312.9300696	1
313.4405591	0
313.9510487	0
314.4615382	0
314.9720277	1
315.4825172	0
315.9930067	0
316.5034962	0
317.0139857	0
317.5244752	0
318.0349647	0
318.5454542	0
319.0559438	1
319.5664333	0
320.0769228	0
320.5874123	0
321.0979018	0
321.6083913	0
322.1188808	0
322.6293703	0
323.1398598	0
323.6503493	0
324.1608389	0
324.6713284	0
325.1818179	1
325.6923074	0
326.2027969	0
326.7132864	2
327.2237759	0
327.7342654	0
328.2447549	0
328.7552444	0
329.265734	0
329.7762235	0
330.286713	0
330.7972025	0
331.307692	0
331.8181815	0
332.328671	0
332.8391605	0
333.34965	1
333.8601395	0
334.3706291	0
334.8811186	0
335.3916081	0
335.9020976	0
336.4125871	1
336.9230766	0
337.4335661	0
337.9440556	0
338.4545451	0
338.9650346	0
339.4755242	0
339.9860137	0
340.4965032	1
341.0069927	0
341.5174822	0
342.0279717	0
342.5384612	0
343.0489507	0
343.5594402	0
344.0699297	0
344.5804193	0
345.0909088	0
345.6013983	0
346.1118878	0
346.6223773	0
347.1328668	0
347.6433563	0
348.1538458	1
348.6643353	0
349.1748248	0
349.6853144	1
350.1958039	0
350.7062934	0
351.2167829	1
351.7272724	0
352.2377619	1
352.7482514	0
353.2587409	0
353.7692304	0
354.2797199	0
354.7902095	0
355.300699	0
355.8111885	1
356.321678	0
356.8321675	0
357.342657	0
357.8531465	0
358.363636	0
358.8741255	0
359.384615	1
359.8951046	0
360.4055941	0
360.9160836	0
361.4265731	0
361.9370626	0
362.4475521	1
362.9580416	0
363.4685311	1
363.9790206	0
364.4895101	1
364.9999997	0
365.5104892	0
366.0209787	0
366.5314682	0
367.0419577	0
367.5524472	1
368.0629367	0
368.5734262	0
369.0839157	0
369.5944052	0
370.1048948	0
370.6153843	0
371.1258738	0
371.6363633	0
372.1468528	0
372.6573423	1
373.1678318	1
373.6783213	0
374.1888108	1
374.6993003	1
375.2097899	0
375.7202794	0
376.2307689	0
376.7412584	0
377.2517479	0
377.7622374	0
378.2727269	0
378.7832164	0
379.2937059	1
379.8041954	0
380.314685	1
380.8251745	0
381.335664	0
381.8461535	0
382.356643	0
382.8671325	0
383.377622	0
383.8881115	1
384.398601	0
384.9090905	0
385.4195801	1
385.9300696	1
386.4405591	1
386.9510486	0
387.4615381	1
387.9720276	0
388.4825171	1
388.9930066	0
389.5034961	0
390.0139856	0
390.5244752	0
391.0349647	0
391.5454542	1
392.0559437	0
392.5664332	0
393.0769227	0
393.5874122	0
394.0979017	1
394.6083912	0
395.1188807	0
395.6293703	0
396.1398598	0
396.6503493	0
397.1608388	0
397.6713283	0
398.1818178	0
398.6923073	0
399.2027968	0
399.7132863	0
400.2237758	0
400.7342654	0
401.2447549	0
401.7552444	0
402.2657339	0
402.7762234	0
403.2867129	0
403.7972024	0
404.3076919	0
404.8181814	0
405.3286709	1
405.8391605	0
406.34965	0
406.8601395	0
407.370629	0
407.8811185	0
408.391608	0
408.9020975	0
409.412587	0
409.9230765	0
410.433566	0
410.9440556	0
411.4545451	0
411.9650346	0
412.4755241	1
412.9860136	1
413.4965031	15
414.0069926	98
414.5174821	86
415.0279716	98
415.5384611	112
416.0489507	104
416.5594402	96
417.0699297	97
417.5804192	92
418.0909087	113
418.6013982	102
419.1118877	79
419.6223772	95
420.1328667	93
420.6433562	82
421.1538458	101
421.6643353	92
422.1748248	94
422.6853143	84
423.1958038	97
423.7062933	85
424.2167828	97
424.7272723	119
425.2377618	119
425.7482513	82
426.2587409	82
426.7692304	91
427.2797199	100
427.7902094	89
428.3006989	92
428.8111884	115
429.3216779	103
429.8321674	85
430.3426569	112
430.8531464	100
431.363636	96
431.8741255	91
432.384615	102
432.8951045	96
433.405594	102
433.9160835	101
434.426573	120
434.9370625	102
435.447552	90
435.9580415	93
436.4685311	104
436.9790206	100
437.4895101	92
437.9999996	106
438.5104891	106
439.0209786	103
439.5314681	104
440.0419576	103
440.5524471	83
441.0629366	110
441.5734262	101
442.0839157	107
442.5944052	108
443.1048947	105
443.6153842	98
444.1258737	118
444.6363632	124
445.1468527	101
445.6573422	115
446.1678317	136
446.6783213	90
447.1888108	99
447.6993003	115
448.2097898	108
448.7202793	109
449.2307688	99
449.7412583	131
450.2517478	117
450.7622373	126
451.2727268	136
451.7832164	108
452.2937059	127
452.8041954	129
453.3146849	109
453.8251744	119
454.3356639	123
454.8461534	125
455.3566429	124
455.8671324	138
456.3776219	139
456.8881115	131
457.398601	146
457.9090905	143
458.41958	143
458.9300695	146
459.440559	154
459.9510485	170
460.461538	164
460.9720275	146
461.482517	163
461.9930066	189
462.5034961	188
463.0139856	192
463.5244751	166
464.0349646	183
464.5454541	189
465.0559436	185
465.5664331	215
466.0769226	240
466.5874121	213
467.0979017	209
467.6083912	218
468.1188807	249
468.6293702	226
469.1398597	258
469.6503492	262
470.1608387	257
470.6713282	287
471.1818177	287
471.6923072	286
472.2027968	329
472.7132863	302
473.2237758	332
473.7342653	319
474.2447548	359
474.7552443	425
475.2657338	391
475.7762233	404
476.2867128	433
476.7972023	367
477.3076919	447
477.8181814	449
478.3286709	490
478.8391604	497
479.3496499	527
479.8601394	525
480.3706289	535
480.8811184	552
481.3916079	556
481.9020974	605
482.412587	590
482.9230765	624
483.433566	656
483.9440555	643
484.454545	696
484.9650345	702
485.475524	692
485.9860135	749
486.496503	727
487.0069925	824
487.5174821	783
488.0279716	866
488.5384611	786
489.0489506	792
489.5594401	821
490.0699296	917
490.5804191	917
491.0909086	950
491.6013981	981
492.1118876	986
492.6223772	990
493.1328667	1007
493.6433562	1065
494.1538457	1032
494.6643352	1054
495.1748247	1078
495.6853142	1150
496.1958037	1190
496.7062932	1145
497.2167827	1194
497.7272723	1168
498.2377618	1238
498.7482513	1228
499.2587408	1298
499.7692303	1305
500.2797198	1316
500.7902093	1298
501.3006988	1317
501.8111883	1437
502.3216778	1453
502.8321674	1373
503.3426569	1483
503.8531464	1442
504.3636359	1420
504.8741254	1445
505.3846149	1454
505.8951044	1450
506.4055939	1489
506.9160834	1545
507.4265729	1450
507.9370625	1503
508.447552	1562
508.9580415	1429
509.468531	1482
509.9790205	1598
510.48951	1510
510.9999995	1488
511.510489	1489
512.0209785	1551
512.531468	1492
513.0419576	1485
513.5524471	1541
514.0629366	1492
514.5734261	1532
515.0839156	1428
515.5944051	1507
516.1048946	1579
516.6153841	1537
517.1258736	1512
517.6363631	1501
518.1468527	1460
518.6573422	1430
519.1678317	1384
519.6783212	1382
520.1888107	1441
520.6993002	1386
521.2097897	1364
521.7202792	1315
522.2307687	1340
522.7412582	1284
523.2517478	1209
523.7622373	1363
524.2727268	1229
524.7832163	1131
525.2937058	1256
525.8041953	1182
526.3146848	1175
526.8251743	1147
527.3356638	1138
527.8461533	1129
528.3566429	1104
528.8671324	1071
529.3776219	1050
529.8881114	1007
530.3986009	989
530.9090904	935
531.4195799	962
531.9300694	934
532.4405589	862
532.9510484	847
533.461538	812
533.9720275	787
534.482517	736
534.9930065	758
535.503496	740
536.0139855	730
536.524475	696
537.0349645	676
537.545454	663
538.0559435	574
538.5664331	602
539.0769226	600
539.5874121	577
540.0979016	566
540.6083911	532
541.1188806	482
541.6293701	538
542.1398596	477
542.6503491	434
543.1608386	447
543.6713282	407
544.1818177	386
544.6923072	392
545.2027967	353
545.7132862	351
546.2237757	360
546.7342652	320
547.2447547	334
547.7552442	326
548.2657337	292
548.7762233	302
549.2867128	254
549.7972023	258
550.3076918	236
550.8181813	244
551.3286708	219
551.8391603	205
552.3496498	209
552.8601393	210
553.3706288	172
553.8811184	167
554.3916079	185
554.9020974	193
555.4125869	176
555.9230764	153
556.4335659	161
556.9440554	135
557.4545449	124
557.9650344	128
558.4755239	128
558.9860135	118
559.496503	104
560.0069925	100
560.517482	114
561.0279715	109
561.538461	99
562.0489505	105
562.55944	106
563.0699295	102
563.580419	86
564.0909086	86
564.6013981	90
565.1118876	74
565.6223771	80
566.1328666	89
566.6433561	94
567.1538456	72
567.6643351	76
568.1748246	61
568.6853141	76
569.1958037	67
569.7062932	61
570.2167827	75
570.7272722	68
571.2377617	62
571.7482512	61
572.2587407	73
572.7692302	77
573.2797197	68
573.7902092	59
574.3006988	77
574.8111883	66
575.3216778	60
575.8321673	55
576.3426568	72
576.8531463	44
577.3636358	49
577.8741253	57
578.3846148	63
578.8951043	59
579.4055939	50
579.9160834	53
580.4265729	67
580.9370624	39
581.4475519	60
581.9580414	56
582.4685309	61
582.9790204	84
583.4895099	42
583.9999994	54
584.510489	41
585.0209785	47
585.531468	54
586.0419575	50
586.552447	59
587.0629365	46
587.573426	50
588.0839155	36
588.594405	66
589.1048945	51
589.6153841	53
590.1258736	54
590.6363631	52
591.1468526	43
591.6573421	55
592.1678316	54
592.6783211	57
593.1888106	47
593.6993001	62
594.2097896	46
594.7202792	47
595.2307687	43
595.7412582	50
596.2517477	45
596.7622372	58
597.2727267	65
597.7832162	46
598.2937057	53
598.8041952	46
599.3146847	56
599.8251743	53
600.3356638	57
600.8461533	46
601.3566428	58
601.8671323	45
602.3776218	49
602.8881113	58
603.3986008	45
603.9090903	40
604.4195798	47
604.9300694	48
605.4405589	37
605.9510484	56
606.4615379	56
606.9720274	50
607.4825169	32
607.9930064	11
608.5034959	3
609.0139854	1
609.5244749	4
610.0349645	0
610.545454	0
611.0559435	5
611.566433	2
612.0769225	0
612.587412	7
613.0979015	0
613.608391	7
614.1188805	2
614.62937	2
615.1398596	3
615.6503491	4
616.1608386	2
616.6713281	3
617.1818176	2
617.6923071	2
618.2027966	4
618.7132861	0
619.2237756	2
619.7342651	1
620.2447547	2
620.7552442	1
621.2657337	0
621.7762232	0
622.2867127	3
622.7972022	0
623.3076917	2
623.8181812	1
624.3286707	3
624.8391602	0
625.3496498	3
625.8601393	2
626.3706288	0
626.8811183	3
627.3916078	2
627.9020973	0
628.4125868	4
628.9230763	2
629.4335658	2
629.9440553	1
630.4545449	3
630.9650344	2
631.4755239	0
631.9860134	0
632.4965029	3
633.0069924	0
633.5174819	0
634.0279714	0
634.5384609	0
635.0489504	2
635.55944	2
636.0699295	4
636.580419	1
637.0909085	1
637.601398	0
638.1118875	1
638.622377	0
639.1328665	1
639.643356	2
640.1538455	2
640.6643351	0
641.1748246	2
641.6853141	2
642.1958036	1
642.7062931	3
643.2167826	1
643.7272721	2
644.2377616	0
644.7482511	3
645.2587406	2
645.7692302	2
646.2797197	2
646.7902092	2
647.3006987	2
647.8111882	1
648.3216777	1
648.8321672	5
649.3426567	0
649.8531462	1
650.3636357	1
650.8741253	1
651.3846148	2
651.8951043	1
652.4055938	1
652.9160833	1
653.4265728	1
653.9370623	1
654.4475518	0
654.9580413	0
655.4685308	0
655.9790204	1
656.4895099	3
656.9999994	3
657.5104889	2
658.0209784	2
658.5314679	1
659.0419574	2
659.5524469	2
660.0629364	2
660.5734259	2
661.0839155	2
661.594405	4
662.1048945	3
662.615384	4
663.1258735	3
663.636363	3
664.1468525	2
664.657342	1
665.1678315	3
665.678321	2
666.1888106	2
666.6993001	3
667.2097896	2
667.7202791	2
668.2307686	3
668.7412581	0
669.2517476	2
669.7622371	3
670.2727266	2
670.7832161	3
671.2937057	2
671.8041952	0
672.3146847	1
672.8251742	4
673.3356637	1
673.8461532	4
674.3566427	3
674.8671322	1
675.3776217	5
675.8881112	1
676.3986008	2
676.9090903	1
677.4195798	3
677.9300693	5
678.4405588	2
678.9510483	0
679.4615378	4
679.9720273	3
680.4825168	2
680.9930063	1
681.5034959	2
682.0139854	4
682.5244749	1
683.0349644	1
683.5454539	4
684.0559434	0
684.5664329	3
685.0769224	6
685.5874119	1
686.0979014	2
686.608391	1
687.1188805	2
687.62937	3
688.1398595	4
688.650349	5
689.1608385	3
689.671328	3
690.1818175	0
690.692307	0
691.2027965	3
691.7132861	3
692.2237756	0
692.7342651	5
693.2447546	2
693.7552441	2
694.2657336	3
694.7762231	1
695.2867126	0
695.7972021	4
696.3076916	1
696.8181812	1
697.3286707	0
697.8391602	3
698.3496497	1
698.8601392	1
699.3706287	3
699.8811182	3
700.3916077	2
700.9020972	4
701.4125867	2
701.9230763	1
702.4335658	4
702.9440553	2
703.4545448	3
703.9650343	3
704.4755238	2
704.9860133	1
705.4965028	1
706.0069923	3
706.5174818	3
707.0279714	2
707.5384609	3
708.0489504	0
708.5594399	5
709.0699294	1
709.5804189	1
710.0909084	2
710.6013979	3
711.1118874	4
711.6223769	2
712.1328665	4
712.643356	1
713.1538455	3
713.664335	0
714.1748245	2
714.685314	2
715.1958035	2
715.706293	6
716.2167825	2
716.727272	2
717.2377616	4
717.7482511	2
718.2587406	2
718.7692301	3
719.2797196	4
719.7902091	3
720.3006986	1
720.8111881	3
721.3216776	4
721.8321671	1
722.3426567	0
722.8531462	2
723.3636357	2
723.8741252	4
724.3846147	0
724.8951042	6
725.4055937	4
725.9160832	3
726.4265727	1
726.9370622	2
727.4475518	1
727.9580413	1
728.4685308	0
728.9790203	1
729.4895098	4
729.9999993	3
730.5104888	3
731.0209783	1
731.5314678	4
732.0419573	3
732.5524469	3
733.0629364	4
733.5734259	0
734.0839154	1
734.5944049	2
735.1048944	2
735.6153839	0
736.1258734	4
736.6363629	3
737.1468524	5
737.657342	2
738.1678315	1
738.678321	0
739.1888105	4
739.6993	4
740.2097895	1
740.720279	1
741.2307685	3
741.741258	7
742.2517475	4
742.7622371	1
743.2727266	2
743.7832161	2
744.2937056	4
744.8041951	4
745.3146846	5
745.8251741	3
746.3356636	0
746.8461531	1
747.3566426	1
747.8671322	2
748.3776217	2
748.8881112	1
749.3986007	7
749.9090902	2
750.4195797	3
750.9300692	1
751.4405587	1
751.9510482	0
752.4615377	4
752.9720273	0
753.4825168	3
753.9930063	1
754.5034958	0
755.0139853	1
755.5244748	2
756.0349643	3
756.5454538	1
757.0559433	2
757.5664328	2
758.0769224	6
758.5874119	3
759.0979014	1
759.6083909	2
760.1188804	2
760.6293699	4
761.1398594	1
761.6503489	2
762.1608384	2
762.6713279	0
763.1818175	0
763.692307	0
764.2027965	1
764.713286	2
765.2237755	1
765.734265	2
766.2447545	2
766.755244	1
767.2657335	2
767.776223	4
768.2867126	3
768.7972021	1
769.3076916	4
769.8181811	2
770.3286706	3
770.8391601	1
771.3496496	1
771.8601391	2
772.3706286	5
772.8811181	2
773.3916077	3
773.9020972	1
774.4125867	1
774.9230762	1
775.4335657	2
775.9440552	2
776.4545447	3
776.9650342	6
777.4755237	1
777.9860132	8
778.4965028	6
779.0069923	2
779.5174818	0
780.0279713	0
780.5384608	4
781.0489503	3
781.5594398	2
782.0699293	1
782.5804188	2
783.0909083	1
783.6013979	3
784.1118874	3
784.6223769	6
785.1328664	2
785.6433559	2
786.1538454	2
786.6643349	1
787.1748244	1
787.6853139	4
788.1958034	1
788.706293	4
789.2167825	0
789.727272	2
790.2377615	2
790.748251	2
791.2587405	1
791.76923	1
792.2797195	2
792.790209	0
793.3006985	2
793.8111881	0
794.3216776	4
794.8321671	1
795.3426566	0
795.8531461	2
796.3636356	0
796.8741251	2
797.3846146	0
797.8951041	0
798.4055936	3
798.9160832	1
799.4265727	0
799.9370622	2
800.4475517	0
800.9580412	3
801.4685307	2
801.9790202	4
802.4895097	1
802.9999992	0
803.5104887	1
804.0209783	2
804.5314678	4
805.0419573	4
805.5524468	1
806.0629363	0
806.5734258	1
807.0839153	1
807.5944048	2
808.1048943	3
808.6153838	2
809.1258734	3
809.6363629	4
810.1468524	2
810.6573419	2
811.1678314	0
811.6783209	1
812.1888104	1
812.6992999	1
813.2097894	2
813.7202789	1
814.2307685	1
814.741258	1
815.2517475	2
815.762237	2
816.2727265	0
816.783216	2
817.2937055	2
817.804195	1
818.3146845	3
818.825174	2
819.3356636	4
819.8461531	0
820.3566426	3
820.8671321	1
821.3776216	2
821.8881111	0
822.3986006	1
822.9090901	1
823.4195796	2
823.9300691	1
824.4405587	0
824.9510482	4
825.4615377	2
825.9720272	1
826.4825167	2
826.9930062	1
827.5034957	2
828.0139852	3
828.5244747	1
829.0349642	0
829.5454538	2
830.0559433	0
830.5664328	4
831.0769223	1
831.5874118	0
832.0979013	2
832.6083908	0
833.1188803	0
833.6293698	2
834.1398593	0
834.6503489	2
835.1608384	0
835.6713279	0
836.1818174	2
836.6923069	3
837.2027964	0
837.7132859	1
838.2237754	2
838.7342649	0
839.2447544	3
839.755244	2
840.2657335	0
840.776223	4
841.2867125	1
841.797202	0
842.3076915	1
842.818181	1
843.3286705	1
843.83916	1
844.3496495	4
844.8601391	0
845.3706286	1
845.8811181	0
846.3916076	0
846.9020971	1
847.4125866	3
847.9230761	0
848.4335656	0
848.9440551	1
849.4545446	2
849.9650342	4
850.4755237	3
850.9860132	1
851.4965027	1
852.0069922	1
852.5174817	1
853.0279712	2
853.5384607	0
854.0489502	1
854.5594397	1
855.0699293	1
855.5804188	2
856.0909083	2
856.6013978	2
857.1118873	0
857.6223768	1
858.1328663	1
858.6433558	1
859.1538453	2
859.6643348	1
860.1748244	3
860.6853139	0
861.1958034	0
861.7062929	1
862.2167824	0
862.7272719	0
863.2377614	1
863.7482509	0
864.2587404	2
864.7692299	0
865.2797195	0
865.790209	1
866.3006985	1
866.811188	0
867.3216775	2
867.832167	0
868.3426565	2
868.853146	1
869.3636355	1
869.874125	0
870.3846146	2
870.8951041	2
871.4055936	0
871.9160831	3
872.4265726	0
872.9370621	0
873.4475516	2
873.9580411	0
874.4685306	0
874.9790201	0
875.4895097	0
875.9999992	3
876.5104887	1
877.0209782	2
877.5314677	0
878.0419572	1
878.5524467	1
879.0629362	1
879.5734257	1
880.0839152	1
880.5944048	0
881.1048943	0
881.6153838	0
882.1258733	0
882.6363628	0
883.1468523	0
883.6573418	1
884.1678313	1
884.6783208	0
885.1888103	1
885.6992999	0
886.2097894	0
886.7202789	0
887.2307684	0
887.7412579	0
888.2517474	0
888.7622369	0
889.2727264	2
889.7832159	0
890.2937054	0
890.804195	0
891.3146845	0
891.825174	1
892.3356635	0
892.846153	3
893.3566425	0
893.867132	0
894.3776215	1
894.888111	0
895.3986005	0
895.9090901	1
896.4195796	0
896.9300691	0
897.4405586	0
897.9510481	0
898.4615376	0
898.9720271	1
899.4825166	1
899.9930061	0
900.5034956	1
901.0139852	0
901.5244747	0
902.0349642	0
902.5454537	0
903.0559432	0
903.5664327	0
904.0769222	0
904.5874117	0
905.0979012	1
905.6083907	1
906.1188803	0
906.6293698	0
907.1398593	0
907.6503488	0
908.1608383	0
908.6713278	0
909.1818173	0
909.6923068	0
910.2027963	0
910.7132858	2
911.2237754	0
911.7342649	0
912.2447544	0
912.7552439	0
913.2657334	0
913.7762229	1
914.2867124	0
914.7972019	0
915.3076914	0
915.8181809	0
916.3286705	0
916.83916	0
917.3496495	0
917.860139	0
918.3706285	0
918.881118	1
919.3916075	0
919.902097	0
920.4125865	0
920.923076	0
921.4335656	0
921.9440551	0
922.4545446	0
922.9650341	0
923.4755236	0
923.9860131	0
924.4965026	1
925.0069921	0
925.5174816	1
926.0279711	0
926.5384607	0
927.0489502	1
927.5594397	0
928.0699292	0
928.5804187	1
929.0909082	0
929.6013977	2
930.1118872	0
930.6223767	0
931.1328662	0
931.6433558	0
932.1538453	0
932.6643348	1
933.1748243	0
933.6853138	0
934.1958033	0
934.7062928	0
935.2167823	0
935.7272718	1
936.2377613	0
936.7482509	0
937.2587404	0
937.7692299	1
938.2797194	1
938.7902089	0
939.3006984	0
939.8111879	0
940.3216774	0
940.8321669	1
941.3426564	0
941.853146	0
942.3636355	1
942.874125	1
943.3846145	0
943.895104	0
944.4055935	0
944.916083	0
945.4265725	1
945.937062	0
946.4475515	0
946.9580411	1
947.4685306	0
947.9790201	0
948.4895096	1
948.9999991	0
949.5104886	0
950.0209781	0
950.5314676	0
951.0419571	0
951.5524466	1
952.0629362	0
952.5734257	0
953.0839152	1
953.5944047	0
954.1048942	1
954.6153837	1
955.1258732	0
955.6363627	1
956.1468522	1
956.6573417	0
957.1678313	2
957.6783208	0
958.1888103	0
958.6992998	0
959.2097893	1
959.7202788	0
960.2307683	0
960.7412578	0
961.2517473	0
961.7622368	0
962.2727264	0
962.7832159	1
963.2937054	0
963.8041949	0
964.3146844	2
964.8251739	0
965.3356634	1
965.8461529	2
966.3566424	0
966.8671319	0
967.3776215	0
967.888111	0
968.3986005	0
968.90909	1
969.4195795	0
969.930069	0
970.4405585	0
970.951048	1
971.4615375	0
971.972027	0
972.4825166	0
972.9930061	0
973.5034956	0
974.0139851	1
974.5244746	0
975.0349641	0
975.5454536	0
976.0559431	0
976.5664326	1
977.0769221	1
977.5874117	1
978.0979012	0
978.6083907	1
979.1188802	0
979.6293697	0
980.1398592	0
980.6503487	0
981.1608382	0
981.6713277	0
982.1818172	0
982.6923068	0
983.2027963	0
983.7132858	1
984.2237753	0
984.7342648	0
985.2447543	1
985.7552438	0
986.2657333	0
986.7762228	0
987.2867123	0
987.7972019	0
988.3076914	0
988.8181809	1
989.3286704	0
989.8391599	0
990.3496494	0
990.8601389	1
991.3706284	0
991.8811179	0
992.3916074	0
992.902097	0
993.4125865	0
993.923076	0
994.4335655	0
994.944055	0
995.4545445	0
995.965034	0
996.4755235	0
996.986013	0
997.4965025	0
998.0069921	0
998.5174816	0
999.0279711	1
999.5384606	1
1000.04895	0
1000.55944	0
1001.069929	0
1001.580419	1
1002.090908	0
1002.601398	0
1003.111887	1
1003.622377	0
1004.132866	0
1004.643356	0
1005.153845	0
1005.664335	0
1006.174824	0
1006.685314	0
1007.195803	1
1007.706293	0
1008.216782	0
1008.727272	0
1009.237761	0
1009.748251	0
1010.25874	0
1010.76923	0
1011.279719	0
1011.790209	0
1012.300698	0
1012.811188	0
1013.321677	0
1013.832167	0
1014.342656	0
1014.853146	1
1015.363635	0
1015.874125	0
1016.384614	1
1016.895104	0
1017.405593	0
1017.916083	0
1018.426572	1
1018.937062	0
1019.447551	0
1019.958041	0
1020.46853	0
1020.97902	1
1021.48951	0
1021.999999	0
1022.510489	0
1023.020978	0
1023.531468	0
1024.041957	0
1024.552447	1
1025.062936	0
1025.573426	0
1026.083915	0
1026.594405	0
1027.104894	1
1027.615384	0
1028.125873	0
1028.636363	1
1029.146852	0
1029.657342	0
1030.167831	0
1030.678321	0
1031.18881	0
1031.6993	1
1032.209789	0
1032.720279	0
1033.230768	0
1033.741258	0
1034.251747	0
1034.762237	0
1035.272726	1
1035.783216	0
1036.293705	1
1036.804195	0
1037.314684	0
1037.825174	0
1038.335663	0
1038.846153	0
1039.356642	0
1039.867132	0
1040.377621	1
1040.888111	0
1041.3986	0
1041.90909	0
1042.419579	0
1042.930069	0
1043.440558	1
1043.951048	0
1044.461537	0
1044.972027	0
1045.482516	0
1045.993006	1
1046.503496	0
1047.013985	0
1047.524475	1
1048.034964	1
1048.545454	2
1049.055943	0
1049.566433	0
1050.076922	1
1050.587412	0
1051.097901	0
1051.608391	0
1052.11888	0
1052.62937	1
1053.139859	1
1053.650349	0
1054.160838	0
1054.671328	0
1055.181817	0
1055.692307	0
1056.202796	1
1056.713286	0
1057.223775	0
1057.734265	0
1058.244754	0
1058.755244	0
1059.265733	0
1059.776223	0
1060.286712	0
1060.797202	0
1061.307691	0
1061.818181	0
1062.32867	0
1062.83916	0
1063.349649	0
1063.860139	0
1064.370628	0
1064.881118	0
1065.391607	0
1065.902097	0
1066.412586	0
1066.923076	1
1067.433565	0
1067.944055	0
1068.454544	0
1068.965034	0
1069.475523	0
1069.986013	0
1070.496502	0
1071.006992	0
1071.517481	1
1072.027971	0
1072.538461	0
1073.04895	0
1073.55944	1
1074.069929	0
1074.580419	1
1075.090908	0
1075.601398	0
1076.111887	2
1076.622377	1
1077.132866	1
1077.643356	0
1078.153845	0
1078.664335	0
1079.174824	0
1079.685314	0
1080.195803	0
1080.706293	0
1081.216782	1
1081.727272	0
1082.237761	0
1082.748251	0
1083.25874	1
1083.76923	0
1084.279719	0
1084.790209	1
1085.300698	0
1085.811188	0
1086.321677	1
1086.832167	0
1087.342656	0
1087.853146	0
1088.363635	0
1088.874125	0
1089.384614	0
1089.895104	0
1090.405593	0
1090.916083	1
1091.426572	0
1091.937062	0
1092.447551	0
1092.958041	1
1093.46853	0
1093.97902	0
1094.489509	0
1094.999999	0
1095.510488	0
1096.020978	0
1096.531467	0
1097.041957	1
1097.552447	1
1098.062936	1
1098.573426	0
1099.083915	1
1099.594405	1
1100.104894	0
1100.615384	0
1101.125873	1
1101.636363	0
1102.146852	0
1102.657342	0
1103.167831	1
1103.678321	0
1104.18881	0
1104.6993	0
1105.209789	0
1105.720279	0
1106.230768	1
1106.741258	0
1107.251747	0
1107.762237	1
1108.272726	0
1108.783216	0
1109.293705	0
1109.804195	0
1110.314684	0
1110.825174	0
1111.335663	0
1111.846153	0
1112.356642	0
1112.867132	1
1113.377621	0
1113.888111	0
1114.3986	0
1114.90909	0
1115.419579	0
1115.930069	0
1116.440558	0
1116.951048	0
1117.461537	0
1117.972027	0
1118.482516	0
1118.993006	1
1119.503495	0
1120.013985	0
1120.524474	0
1121.034964	0
1121.545453	0
1122.055943	1
1122.566432	0
1123.076922	0
1123.587412	0
1124.097901	0
1124.608391	0
1125.11888	0
1125.62937	0
1126.139859	0
1126.650349	0
1127.160838	0
1127.671328	0
1128.181817	1
1128.692307	0
1129.202796	0
1129.713286	1
1130.223775	2
1130.734265	0
1131.244754	1
1131.755244	0
1132.265733	0
1132.776223	0
1133.286712	0
1133.797202	0
1134.307691	0
1134.818181	0
1135.32867	1
1135.83916	0
1136.349649	0
1136.860139	0
1137.370628	0
1137.881118	0
1138.391607	0
1138.902097	0
1139.412586	0
1139.923076	0
1140.433565	0
1140.944055	0
1141.454544	0
1141.965034	0
1142.475523	0
1142.986013	0
1143.496502	0
1144.006992	1
1144.517481	1
1145.027971	1
1145.53846	0
1146.04895	0
1146.559439	0
1147.069929	1
1147.580418	0
1148.090908	1
1148.601398	0
1149.111887	0
1149.622377	2
1150.132866	0
1150.643356	0
1151.153845	0
1151.664335	2
1152.174824	0
1152.685314	0
1153.195803	0
1153.706293	0
1154.216782	0
1154.727272	0
1155.237761	0
1155.748251	0
1156.25874	0
1156.76923	0
1157.279719	0
1157.790209	1
1158.300698	0
1158.811188	0
1159.321677	0
1159.832167	0
1160.342656	1
1160.853146	0
1161.363635	0
1161.874125	1
1162.384614	0
1162.895104	0
1163.405593	0
1163.916083	0
1164.426572	0
1164.937062	0
1165.447551	0
1165.958041	0
1166.46853	0
1166.97902	1
1167.489509	1
1167.999999	1
1168.510488	0
1169.020978	0
1169.531467	1
1170.041957	1
1170.552446	0
1171.062936	0
1171.573425	0
1172.083915	0
1172.594404	2
1173.104894	1
1173.615383	0
1174.125873	0
1174.636363	0
1175.146852	0
1175.657342	0
1176.167831	0
1176.678321	0
1177.18881	0
1177.6993	0
1178.209789	1
1178.720279	0
1179.230768	0
1179.741258	0
1180.251747	0
1180.762237	0
1181.272726	1
1181.783216	0
1182.293705	0
1182.804195	0
1183.314684	0
1183.825174	1
1184.335663	0
1184.846153	1
1185.356642	0
1185.867132	0
1186.377621	0
1186.888111	0
1187.3986	0
1187.90909	0
1188.419579	0
1188.930069	0
1189.440558	0
1189.951048	0
1190.461537	0
1190.972027	0
1191.482516	0
1191.993006	0
1192.503495	0
1193.013985	0
1193.524474	0
1194.034964	0
1194.545453	0
1195.055943	0
1195.566432	0
1196.076922	0
1196.587411	0
1197.097901	0
1197.60839	0
1198.11888	2
1198.629369	0
1199.139859	0
1199.650349	0
1200.160838	0
1200.671328	0
1201.181817	0
1201.692307	0
1202.202796	0
1202.713286	0
1203.223775	0
1203.734265	0
1204.244754	1
1204.755244	0
1205.265733	0
1205.776223	0
1206.286712	0
1206.797202	0
1207.307691	0
1207.818181	0
1208.32867	0
1208.83916	1
1209.349649	0
1209.860139	0
1210.370628	0
1210.881118	0
1211.391607	0
1211.902097	0
1212.412586	0
1212.923076	0
1213.433565	0
1213.944055	0
1214.454544	0
1214.965034	0
1215.475523	0
1215.986013	1
1216.496502	0
1217.006992	0
1217.517481	0
1218.027971	0
1218.53846	0
1219.04895	1
1219.559439	0
1220.069929	0
1220.580418	0
1221.090908	0
1221.601397	0
1222.111887	1
1222.622376	0
1223.132866	0
1223.643355	0
1224.153845	0
1224.664334	0
1225.174824	0
1225.685314	0
1226.195803	0
1226.706293	0
1227.216782	0
1227.727272	0
1228.237761	0
1228.748251	1
1229.25874	1
1229.76923	0
1230.279719	0
1230.790209	0
1231.300698	1
1231.811188	0
1232.321677	0
1232.832167	0
1233.342656	0
1233.853146	0
1234.363635	0
1234.874125	0
1235.384614	0
1235.895104	0
1236.405593	0
1236.916083	0
1237.426572	1
1237.937062	0
1238.447551	0
1238.958041	0
1239.46853	0
1239.97902	0
1240.489509	0
1240.999999	0
1241.510488	0
1242.020978	0
1242.531467	0
1243.041957	0
1243.552446	0
1244.062936	0
1244.573425	0
1245.083915	0
1245.594404	0
1246.104894	0
1246.615383	1
1247.125873	0
1247.636362	0
1248.146852	0
1248.657341	0
1249.167831	0
1249.67832	0
1250.18881	0
1250.6993	0
1251.209789	0
1251.720279	0
1252.230768	0
1252.741258	0
1253.251747	0
1253.762237	0
1254.272726	0
1254.783216	0
1255.293705	0
1255.804195	0
1256.314684	0
1256.825174	1
1257.335663	0
1257.846153	0
1258.356642	0
1258.867132	1
1259.377621	0
1259.888111	0
1260.3986	1
1260.90909	0
1261.419579	0
1261.930069	0
1262.440558	0
1262.951048	0
1263.461537	0
1263.972027	1
1264.482516	0
1264.993006	0
1265.503495	0
1266.013985	0
1266.524474	0
1267.034964	0
1267.545453	0
1268.055943	0
1268.566432	1
1269.076922	1
1269.587411	0
1270.097901	1
1270.60839	0
1271.11888	0
1271.629369	0
1272.139859	1
1272.650348	0
1273.160838	1
1273.671327	0
1274.181817	0
1274.692306	0
1275.202796	0
1275.713285	0
1276.223775	1
1276.734265	0
1277.244754	0
1277.755244	0
1278.265733	0
1278.776223	0
1279.286712	1
1279.797202	0
1280.307691	0
1280.818181	0
1281.32867	0
1281.83916	0
1282.349649	0
1282.860139	1
1283.370628	0
1283.881118	0
1284.391607	0
1284.902097	0
1285.412586	0
1285.923076	0
1286.433565	0
1286.944055	0
1287.454544	0
1287.965034	1
1288.475523	1
1288.986013	0
1289.496502	0
1290.006992	0
1290.517481	0
1291.027971	0
1291.53846	0
1292.04895	0
1292.559439	0
1293.069929	0
1293.580418	0
1294.090908	1
1294.601397	0
1295.111887	0
1295.622376	0
1296.132866	0
1296.643355	0
1297.153845	0
1297.664334	1
1298.174824	0
1298.685313	0
1299.195803	0
1299.706292	0
1300.216782	0
1300.727271	0
1301.237761	0
1301.748251	0
1302.25874	0
1302.76923	0
1303.279719	1
1303.790209	0
1304.300698	0
1304.811188	0
1305.321677	0
1305.832167	0
1306.342656	0
1306.853146	0
1307.363635	0
1307.874125	0
1308.384614	0
1308.895104	0
1309.405593	0
1309.916083	0
1310.426572	0
1310.937062	0
1311.447551	0
1311.958041	0
1312.46853	0
1312.97902	0
1313.489509	0
1313.999999	0
1314.510488	0
1315.020978	0
1315.531467	0
1316.041957	0
1316.552446	0
1317.062936	0
1317.573425	0
1318.083915	1
1318.594404	0
1319.104894	0
1319.615383	1
1320.125873	0
1320.636362	0
1321.146852	0
1321.657341	0
1322.167831	0
1322.67832	1
1323.18881	0
1323.699299	0
1324.209789	0
1324.720278	0
1325.230768	0
1325.741257	0
1326.251747	0
1326.762236	0
1327.272726	0
1327.783216	0
1328.293705	0
1328.804195	0
1329.314684	0
1329.825174	0
1330.335663	0
1330.846153	0
1331.356642	0
1331.867132	0
1332.377621	1
1332.888111	0
1333.3986	0
1333.90909	1
1334.419579	0
1334.930069	0
1335.440558	0
1335.951048	0
1336.461537	0
1336.972027	1
1337.482516	0
1337.993006	0
1338.503495	0
1339.013985	0
1339.524474	0
1340.034964	1
1340.545453	0
1341.055943	1
1341.566432	0
1342.076922	0
1342.587411	0
1343.097901	0
1343.60839	1
1344.11888	0
1344.629369	0
1345.139859	0
1345.650348	0
1346.160838	0
1346.671327	0
1347.181817	0
1347.692306	0
1348.202796	1
1348.713285	0
1349.223775	0
1349.734264	0
1350.244754	0
1350.755243	0
1351.265733	0
1351.776222	0
1352.286712	0
1352.797202	0
1353.307691	0
1353.818181	0
1354.32867	0
1354.83916	0
1355.349649	0
1355.860139	0
1356.370628	0
1356.881118	0
1357.391607	0
1357.902097	0
1358.412586	0
1358.923076	1
1359.433565	0
1359.944055	0
1360.454544	0
1360.965034	1
1361.475523	0
1361.986013	0
1362.496502	0
1363.006992	0
1363.517481	1
1364.027971	0
1364.53846	0
1365.04895	0
1365.559439	0
1366.069929	0
1366.580418	0
1367.090908	0
1367.601397	0
1368.111887	0
1368.622376	0
1369.132866	0
1369.643355	0
1370.153845	0
1370.664334	0
1371.174824	0
1371.685313	2
1372.195803	0
1372.706292	2
1373.216782	0
1373.727271	0
1374.237761	0
1374.74825	0
1375.25874	0
1375.769229	0
1376.279719	0
1376.790208	0
1377.300698	0
1377.811187	0
1378.321677	0
1378.832167	0
1379.342656	0
1379.853146	0
1380.363635	1
1380.874125	0
1381.384614	0
1381.895104	0
1382.405593	0
1382.916083	0
1383.426572	0
1383.937062	0
1384.447551	0
1384.958041	0
1385.46853	0
1385.97902	0
1386.489509	0
1386.999999	0
1387.510488	0
1388.020978	0
1388.531467	2
1389.041957	0
1389.552446	0
1390.062936	1
1390.573425	1
1391.083915	0
1391.594404	0
1392.104894	1
1392.615383	0
1393.125873	1
1393.636362	1
1394.146852	1
1394.657341	0
1395.167831	0
1395.67832	0
1396.18881	0
1396.699299	1
1397.209789	2
1397.720278	0
1398.230768	0
1398.741257	0
1399.251747	0
1399.762236	0
1400.272726	0
1400.783215	0
1401.293705	1
1401.804194	0
1402.314684	0
1402.825173	0
1403.335663	0
1403.846153	1
1404.356642	0
1404.867132	0
1405.377621	1
1405.888111	0
1406.3986	0
1406.90909	0
1407.419579	0
1407.930069	0
1408.440558	0
1408.951048	0
1409.461537	0
1409.972027	0
1410.482516	0
1410.993006	0
1411.503495	0
1412.013985	0
1412.524474	1
1413.034964	0
1413.545453	0
1414.055943	0
1414.566432	0
1415.076922	1
1415.587411	0
1416.097901	1
1416.60839	1
1417.11888	0
1417.629369	0
1418.139859	1
1418.650348	0
1419.160838	0
1419.671327	1
1420.181817	1
1420.692306	1
1421.202796	0
1421.713285	1
1422.223775	0
1422.734264	0
1423.244754	0
1423.755243	1
1424.265733	0
1424.776222	1
1425.286712	1
1425.797201	0
1426.307691	1
1426.81818	0
1427.32867	0
1427.839159	0
1428.349649	0
1428.860138	0
1429.370628	1
1429.881118	0
1430.391607	2
1430.902097	0
1431.412586	2
1431.923076	0
1432.433565	1
1432.944055	0
1433.454544	1
1433.965034	0
1434.475523	0
1434.986013	0
1435.496502	0
1436.006992	0
1436.517481	1
1437.027971	0
1437.53846	1
1438.04895	0
1438.559439	1
1439.069929	1
1439.580418	0
1440.090908	0
1440.601397	0
1441.111887	1
1441.622376	0
1442.132866	2
1442.643355	2
1443.153845	0
1443.664334	0
1444.174824	0
1444.685313	2
1445.195803	2
1445.706292	0
1446.216782	2
1446.727271	0
1447.237761	0
1447.74825	0
1448.25874	0
1448.769229	0
1449.279719	0
1449.790208	1
1450.300698	0
1450.811187	0
1451.321677	0
1451.832166	0
1452.342656	0
1452.853145	0
1453.363635	0
1453.874124	0
1454.384614	0
1454.895104	1
1455.405593	0
1455.916083	0
1456.426572	1
1456.937062	1
1457.447551	1
1457.958041	0
1458.46853	0
1458.97902	0
1459.489509	0
1459.999999	2
1460.510488	0
1461.020978	2
1461.531467	0
1462.041957	0
1462.552446	0
1463.062936	1
1463.573425	0
1464.083915	1
1464.594404	0
1465.104894	0
1465.615383	1
1466.125873	0
1466.636362	1
1467.146852	0
1467.657341	1
1468.167831	0
1468.67832	0
1469.18881	0
1469.699299	0
1470.209789	0
1470.720278	0
1471.230768	0
1471.741257	0
1472.251747	0
1472.762236	0
1473.272726	0
1473.783215	0
1474.293705	0
1474.804194	1
1475.314684	0
1475.825173	2
1476.335663	0
1476.846152	0
1477.356642	2
1477.867131	0
1478.377621	1
1478.88811	0
1479.3986	0
1479.909089	0
1480.419579	0
1480.930069	0
1481.440558	0
1481.951048	0
1482.461537	0
1482.972027	0
1483.482516	0
1483.993006	0
1484.503495	0
1485.013985	1
1485.524474	0
1486.034964	2
1486.545453	0
1487.055943	0
1487.566432	0
1488.076922	0
1488.587411	0
1489.097901	0
1489.60839	0
1490.11888	0
1490.629369	1
1491.139859	0
1491.650348	0
1492.160838	0
1492.671327	0
1493.181817	0
1493.692306	1
1494.202796	0
1494.713285	0
1495.223775	1
1495.734264	0
1496.244754	0
1496.755243	0
1497.265733	0
1497.776222	0
1498.286712	0
1498.797201	0
1499.307691	0
1499.81818	1
1500.32867	0
1500.839159	0
1501.349649	0
1501.860138	0
1502.370628	0
1502.881117	0
1503.391607	1
1503.902096	0
1504.412586	0
1504.923075	0
1505.433565	0
1505.944055	1
1506.454544	0
1506.965034	0
1507.475523	0
1507.986013	0
1508.496502	0
1509.006992	0
1509.517481	0
1510.027971	1
1510.53846	1
1511.04895	0
1511.559439	2
1512.069929	1
1512.580418	1
1513.090908	0
1513.601397	0
1514.111887	0
1514.622376	0
1515.132866	0
1515.643355	0
1516.153845	0
1516.664334	0
1517.174824	0
1517.685313	0
1518.195803	0
1518.706292	0
1519.216782	0
1519.727271	1
1520.237761	0
1520.74825	0
1521.25874	0
1521.769229	0
1522.279719	0
1522.790208	0
1523.300698	0
1523.811187	0
1524.321677	0
1524.832166	0
1525.342656	0
1525.853145	1
1526.363635	1
1526.874124	0
1527.384614	0
1527.895103	0
1528.405593	0
1528.916082	0
1529.426572	0
1529.937061	0
1530.447551	0
1530.95804	0
1531.46853	1
1531.97902	0
1532.489509	0
1532.999999	0
1533.510488	0
1534.020978	1
1534.531467	1
1535.041957	1
1535.552446	0
1536.062936	0
1536.573425	0
1537.083915	0
1537.594404	0
1538.104894	0
1538.615383	0
1539.125873	0
1539.636362	1
1540.146852	0
1540.657341	0
1541.167831	0
1541.67832	0
1542.18881	0
1542.699299	0
1543.209789	1
1543.720278	0
1544.230768	0
1544.741257	0
1545.251747	0
1545.762236	1
1546.272726	0
1546.783215	1
1547.293705	1
1547.804194	0
1548.314684	1
1548.825173	0
1549.335663	0
1549.846152	0
1550.356642	0
1550.867131	0
1551.377621	0
1551.88811	0
1552.3986	1
1552.909089	1
1553.419579	0
1553.930068	0
1554.440558	0
1554.951047	0
1555.461537	0
1555.972026	0
1556.482516	0
1556.993006	0
1557.503495	0
1558.013985	0
1558.524474	1
1559.034964	1
1559.545453	0
1560.055943	1
1560.566432	0
1561.076922	1
1561.587411	0
1562.097901	0
1562.60839	0
1563.11888	0
1563.629369	1
1564.139859	0
1564.650348	0
1565.160838	0
1565.671327	0
1566.181817	0
1566.692306	0
1567.202796	0
1567.713285	0
1568.223775	0
1568.734264	0
1569.244754	0
1569.755243	0
1570.265733	1
1570.776222	0
1571.286712	0
1571.797201	1
1572.307691	0
1572.81818	0
1573.32867	0
1573.839159	0
1574.349649	0
1574.860138	0
1575.370628	1
1575.881117	0
1576.391607	0
1576.902096	0
1577.412586	0
1577.923075	0
1578.433565	1
1578.944054	1
1579.454544	0
1579.965033	0
1580.475523	0
1580.986012	0
1581.496502	0
1582.006991	0
1582.517481	0
1583.027971	0
1583.53846	2
1584.04895	0
1584.559439	0
1585.069929	0
1585.580418	0
1586.090908	1
1586.601397	0
1587.111887	0
1587.622376	0
1588.132866	0
1588.643355	0
1589.153845	0
1589.664334	0
1590.174824	0
1590.685313	0
1591.195803	1
1591.706292	0
1592.216782	0
1592.727271	0
1593.237761	1
1593.74825	0
1594.25874	0
1594.769229	0
1595.279719	0
1595.790208	0
1596.300698	0
1596.811187	2
1597.321677	0
1597.832166	0
1598.342656	0
1598.853145	0
1599.363635	0
1599.874124	0
1600.384614	0
1600.895103	0
1601.405593	0
1601.916082	0
1602.426572	0
1602.937061	0
1603.447551	0
1603.95804	0
1604.46853	0
1604.979019	0
1605.489509	0
1605.999998	0
1606.510488	0
1607.020977	1
1607.531467	0
1608.041957	0
1608.552446	0
1609.062936	0
1609.573425	0
1610.083915	0
1610.594404	0
1611.104894	0
1611.615383	0
1612.125873	0
1612.636362	0
1613.146852	0
1613.657341	0
1614.167831	0
1614.67832	0
1615.18881	0
1615.699299	0
1616.209789	0
1616.720278	0
1617.230768	0
1617.741257	0
1618.251747	0
1618.762236	0
1619.272726	0
1619.783215	0
1620.293705	0
1620.804194	0
1621.314684	0
1621.825173	0
1622.335663	0
1622.846152	0
1623.356642	0
1623.867131	0
1624.377621	0
1624.88811	0
1625.3986	0
1625.909089	0
1626.419579	0
1626.930068	0
1627.440558	1
1627.951047	0
1628.461537	0
1628.972026	0
1629.482516	0
1629.993005	1
1630.503495	0
1631.013984	0
1631.524474	0
1632.034963	0
1632.545453	0
1633.055942	0
1633.566432	0
1634.076922	0
1634.587411	0
1635.097901	0
1635.60839	0
1636.11888	0
1636.629369	0
1637.139859	0
1637.650348	0
1638.160838	0
1638.671327	0
1639.181817	1
1639.692306	0
1640.202796	0
1640.713285	0
1641.223775	1
1641.734264	0
1642.244754	0
1642.755243	0
1643.265733	0
1643.776222	0
1644.286712	1
1644.797201	0
1645.307691	0
1645.81818	0
1646.32867	0
1646.839159	0
1647.349649	1
1647.860138	0
1648.370628	1
1648.881117	0
1649.391607	0
1649.902096	0
1650.412586	0
1650.923075	0
1651.433565	0
1651.944054	0
1652.454544	0
1652.965033	0
1653.475523	0
1653.986012	0
1654.496502	0
1655.006991	0
1655.517481	0
1656.02797	0
1656.53846	0
1657.048949	0
1657.559439	0
1658.069928	0
1658.580418	0
1659.090908	0
1659.601397	0
1660.111887	0
1660.622376	0
1661.132866	0
1661.643355	0
1662.153845	0
1662.664334	0
1663.174824	0
1663.685313	0
1664.195803	1
1664.706292	0
1665.216782	0
1665.727271	0
1666.237761	0
1666.74825	0
1667.25874	0
1667.769229	1
1668.279719	0
1668.790208	0
1669.300698	0
1669.811187	0
1670.321677	0
1670.832166	0
1671.342656	0
1671.853145	0
1672.363635	0
1672.874124	0
1673.384614	0
1673.895103	0
1674.405593	0
1674.916082	0
1675.426572	0
1675.937061	0
1676.447551	0
1676.95804	0
1677.46853	0
1677.979019	0
1678.489509	0
1678.999998	0
1679.510488	0
1680.020977	0
1680.531467	0
1681.041956	0
1681.552446	0
1682.062935	0
1682.573425	0
1683.083914	0
1683.594404	1
1684.104893	1
1684.615383	0
1685.125873	0
1685.636362	0
1686.146852	0
1686.657341	0
1687.167831	1
1687.67832	0
1688.18881	0
1688.699299	1
1689.209789	0
1689.720278	0
1690.230768	0
1690.741257	0
1691.251747	0
1691.762236	0
1692.272726	0
1692.783215	0
1693.293705	0
1693.804194	0
1694.314684	0
1694.825173	0
1695.335663	0
1695.846152	0
1696.356642	0
1696.867131	2
1697.377621	1
1697.88811	0
1698.3986	0
1698.909089	1
1699.419579	0
1699.930068	0
1700.440558	0
1700.951047	0
1701.461537	0
1701.972026	0
1702.482516	0
1702.993005	0
1703.503495	0
1704.013984	1
1704.524474	0
1705.034963	0
1705.545453	0
1706.055942	0
1706.566432	0
1707.076921	0
1707.587411	0
1708.0979	0
1708.60839	0
1709.118879	0
1709.629369	0
1710.139859	0
1710.650348	1
1711.160838	0
1711.671327	0
1712.181817	0
1712.692306	0
1713.202796	0
1713.713285	0
1714.223775	0
1714.734264	0
1715.244754	1
1715.755243	0
1716.265733	0
1716.776222	0
1717.286712	0
1717.797201	0
1718.307691	0
1718.81818	0
1719.32867	0
1719.839159	0
1720.349649	0
1720.860138	0
1721.370628	0
1721.881117	0
1722.391607	0
1722.902096	0
1723.412586	0
1723.923075	0
1724.433565	0
1724.944054	0
1725.454544	0
1725.965033	1
1726.475523	0
1726.986012	0
1727.496502	0
1728.006991	0
1728.517481	0
1729.02797	0
1729.53846	0
1730.048949	0
1730.559439	0
1731.069928	0
1731.580418	0
1732.090907	0
1732.601397	0
1733.111886	0
1733.622376	0
1734.132865	0
1734.643355	0
1735.153844	0
1735.664334	0
1736.174824	0
1736.685313	0
1737.195803	0
1737.706292	0
1738.216782	0
1738.727271	0
1739.237761	0
1739.74825	0
1740.25874	0
1740.769229	0
1741.279719	0
1741.790208	0
1742.300698	0
1742.811187	0
1743.321677	0
1743.832166	0
1744.342656	0
1744.853145	0
1745.363635	0
1745.874124	0
1746.384614	0
1746.895103	0
1747.405593	0
1747.916082	0
1748.426572	0
1748.937061	0
1749.447551	0
1749.95804	0
1750.46853	0
1750.979019	1
1751.489509	0
1751.999998	0
1752.510488	0
1753.020977	0
1753.531467	0
1754.041956	0
1754.552446	0
1755.062935	1
1755.573425	0
1756.083914	0
1756.594404	0
1757.104893	0
1757.615383	0
1758.125872	0
1758.636362	0
1759.146851	0
1759.657341	0
1760.16783	0
1760.67832	0
1761.18881	0
1761.699299	0
1762.209789	1
1762.720278	0
1763.230768	0
1763.741257	0
1764.251747	1
1764.762236	0
1765.272726	0
1765.783215	0
1766.293705	0
1766.804194	0
1767.314684	0
1767.825173	0
1768.335663	0
1768.846152	0
1769.356642	0
1769.867131	0
1770.377621	0
1770.88811	0
1771.3986	0
1771.909089	0
1772.419579	0
1772.930068	0
1773.440558	0
1773.951047	0
1774.461537	0
1774.972026	0
1775.482516	1
1775.993005	0
1776.503495	1
1777.013984	0
1777.524474	0
1778.034963	0
1778.545453	0
1779.055942	0
1779.566432	0
1780.076921	0
1780.587411	0
1781.0979	0
1781.60839	0
1782.118879	0
1782.629369	0
1783.139858	0
1783.650348	0
1784.160837	0
1784.671327	0
1785.181816	0
1785.692306	0
1786.202795	0
1786.713285	0
1787.223775	0
1787.734264	0
1788.244754	0
1788.755243	0
1789.265733	1
1789.776222	0
1790.286712	0
1790.797201	0
1791.307691	0
1791.81818	1
1792.32867	0
1792.839159	0
1793.349649	0
1793.860138	0
1794.370628	0
1794.881117	0
1795.391607	0
1795.902096	0
1796.412586	0
1796.923075	0
1797.433565	0
1797.944054	0
1798.454544	0
1798.965033	0
1799.475523	0
1799.986012	0
1800.496502	0
1801.006991	0
1801.517481	0
1802.02797	0
1802.53846	0
1803.048949	0
1803.559439	0
1804.069928	0
1804.580418	1
1805.090907	0
1805.601397	0
1806.111886	0
1806.622376	0
1807.132865	0
1807.643355	0
1808.153844	0
1808.664334	0
1809.174823	0
1809.685313	0
1810.195802	0
1810.706292	0
1811.216781	0
1811.727271	0
1812.237761	0
1812.74825	0
1813.25874	1
1813.769229	0
1814.279719	0
1814.790208	0
1815.300698	0
1815.811187	0
1816.321677	0
1816.832166	0
1817.342656	0
1817.853145	0
1818.363635	0
1818.874124	0
1819.384614	0
1819.895103	0
1820.405593	0
1820.916082	0
1821.426572	0
1821.937061	0
1822.447551	0
1822.95804	0
1823.46853	0
1823.979019	0
1824.489509	0
1824.999998	0
1825.510488	0
1826.020977	0
1826.531467	1
1827.041956	0
1827.552446	0
1828.062935	0
1828.573425	1
1829.083914	0
1829.594404	0
1830.104893	0
1830.615383	0
1831.125872	0
1831.636362	0
1832.146851	0
1832.657341	0
1833.16783	0
1833.67832	0
1834.188809	0
1834.699299	0
1835.209788	0
1835.720278	0
1836.230767	0
1836.741257	0
1837.251746	0
1837.762236	0
1838.272726	0
1838.783215	0
1839.293705	0
1839.804194	0
1840.314684	0
1840.825173	0
1841.335663	0
1841.846152	0
1842.356642	0
1842.867131	0
1843.377621	0
1843.88811	0
1844.3986	0
1844.909089	0
1845.419579	0
1845.930068	0
1846.440558	0
1846.951047	0
1847.461537	0
1847.972026	0
1848.482516	0
1848.993005	0
1849.503495	0
1850.013984	0
1850.524474	0
1851.034963	0
1851.545453	0
1852.055942	0
1852.566432	0
1853.076921	0
1853.587411	0
1854.0979	0
1854.60839	0
1855.118879	0
1855.629369	0
1856.139858	0
1856.650348	0
1857.160837	0
1857.671327	0
1858.181816	0
1858.692306	0
1859.202795	0
1859.713285	0
1860.223774	0
1860.734264	0
1861.244753	0
1861.755243	0
1862.265732	0
1862.776222	0
1863.286712	0
1863.797201	0
1864.307691	0
1864.81818	1
1865.32867	0
1865.839159	0
1866.349649	0
1866.860138	0
1867.370628	0
1867.881117	0
1868.391607	0
1868.902096	0
1869.412586	0
1869.923075	0
1870.433565	0
1870.944054	0
1871.454544	0
1871.965033	0
1872.475523	0
1872.986012	0
1873.496502	0
1874.006991	0
1874.517481	0
1875.02797	0
1875.53846	0
1876.048949	0
1876.559439	0
1877.069928	0
1877.580418	0
1878.090907	0
1878.601397	0
1879.111886	0
1879.622376	0
1880.132865	0
1880.643355	0
1881.153844	0
1881.664334	0
1882.174823	0
1882.685313	0
1883.195802	0
1883.706292	0
1884.216781	0
1884.727271	0
1885.23776	0
1885.74825	0
1886.258739	0
1886.769229	0
1887.279718	0
1887.790208	0
1888.300697	0
1888.811187	0
1889.321677	0
1889.832166	0
1890.342656	0
1890.853145	0
1891.363635	0
1891.874124	1
1892.384614	1
1892.895103	0
1893.405593	0
1893.916082	0
1894.426572	0
1894.937061	0
1895.447551	0
1895.95804	0
1896.46853	0
1896.979019	0
1897.489509	0
1897.999998	0
1898.510488	0
1899.020977	0
1899.531467	0
1900.041956	0
1900.552446	0
1901.062935	0
1901.573425	1
1902.083914	0
1902.594404	0
1903.104893	0
1903.615383	0
1904.125872	0
1904.636362	0
1905.146851	0
1905.657341	0
1906.16783	0
1906.67832	0
1907.188809	0
1907.699299	0
1908.209788	0
1908.720278	0
1909.230767	0
1909.741257	0
1910.251746	0
1910.762236	0
1911.272725	0
1911.783215	1
1912.293704	0
1912.804194	0
1913.314683	0
1913.825173	0
1914.335663	0
1914.846152	0
1915.356642	0
1915.867131	0
1916.377621	0
1916.88811	0
1917.3986	0
1917.909089	0
1918.419579	0
1918.930068	0
1919.440558	0
1919.951047	0
1920.461537	0
1920.972026	0
1921.482516	0
1921.993005	0
1922.503495	0
1923.013984	0
1923.524474	0
1924.034963	0
1924.545453	0
1925.055942	0
1925.566432	0
1926.076921	0
1926.587411	0
1927.0979	0
1927.60839	0
1928.118879	0
1928.629369	0
1929.139858	0
1929.650348	0
1930.160837	0
1930.671327	0
1931.181816	0
1931.692306	0
1932.202795	0
1932.713285	0
1933.223774	0
1933.734264	0
1934.244753	1
1934.755243	0
1935.265732	1
1935.776222	0
1936.286711	0
1936.797201	0
1937.30769	0
1937.81818	0
1938.328669	0
1938.839159	0
1939.349648	0
1939.860138	1
1940.370628	0
1940.881117	0
1941.391607	0
1941.902096	0
1942.412586	0
1942.923075	0
1943.433565	0
1943.944054	0
1944.454544	0
1944.965033	0
1945.475523	0
1945.986012	0
1946.496502	0
1947.006991	0
1947.517481	0
1948.02797	0
1948.53846	0
1949.048949	0
1949.559439	0
1950.069928	0
1950.580418	0
1951.090907	0
1951.601397	0
1952.111886	0
1952.622376	0
1953.132865	0
1953.643355	0
1954.153844	0
1954.664334	0
1955.174823	0
1955.685313	1
1956.195802	0
1956.706292	1
1957.216781	0
1957.727271	0
1958.23776	0
1958.74825	0
1959.258739	0
1959.769229	0
1960.279718	0
1960.790208	0
1961.300697	0
1961.811187	0
1962.321676	0
1962.832166	0
1963.342655	0
1963.853145	0
1964.363634	0
1964.874124	0
1965.384614	0
1965.895103	0
1966.405593	0
1966.916082	0
1967.426572	0
1967.937061	0
1968.447551	0
1968.95804	1
1969.46853	0
1969.979019	0
1970.489509	0
1970.999998	0
1971.510488	0
1972.020977	0
1972.531467	0
1973.041956	0
1973.552446	0
1974.062935	0
1974.573425	0
1975.083914	0
1975.594404	0
1976.104893	0
1976.615383	0
1977.125872	0
1977.636362	0
1978.146851	0
1978.657341	0
1979.16783	0
1979.67832	1
1980.188809	0
1980.699299	0
1981.209788	0
1981.720278	0
1982.230767	0
1982.741257	0
1983.251746	0
1983.762236	0
1984.272725	0
1984.783215	0
1985.293704	0
1985.804194	0
1986.314683	0
1986.825173	0
1987.335662	1
1987.846152	0
1988.356641	0
1988.867131	0
1989.37762	0
1989.88811	0
1990.398599	0
1990.909089	0
1991.419579	0
1991.930068	0
1992.440558	0
1992.951047	0
1993.461537	0
1993.972026	3
1994.482516	0
1994.993005	0
1995.503495	0
1996.013984	0
1996.524474	1
1997.034963	0
1997.545453	0
1998.055942	0
1998.566432	0
1999.076921	1
1999.587411	0
2000.0979	0
2000.60839	1
2001.118879	0
2001.629369	0
2002.139858	0
2002.650348	0
2003.160837	1
2003.671327	0
2004.181816	0
2004.692306	0
2005.202795	0
2005.713285	0
2006.223774	0
2006.734264	0
2007.244753	0
2007.755243	0
2008.265732	0
2008.776222	0
2009.286711	0
2009.797201	0
2010.30769	0
2010.81818	1
2011.328669	0
2011.839159	1
2012.349648	0
2012.860138	1
2013.370627	0
2013.881117	0
2014.391606	0
2014.902096	0
2015.412585	0
2015.923075	0
2016.433565	0
2016.944054	0
2017.454544	0
2017.965033	0
2018.475523	0
2018.986012	0
2019.496502	1
2020.006991	1
2020.517481	0
2021.02797	0
2021.53846	0
2022.048949	0
2022.559439	0
2023.069928	0
2023.580418	0
2024.090907	1
2024.601397	0
2025.111886	0
2025.622376	0
2026.132865	0
2026.643355	1
2027.153844	0
2027.664334	0
2028.174823	0
2028.685313	0
2029.195802	1
2029.706292	0
2030.216781	0
2030.727271	0
2031.23776	0
2031.74825	0
2032.258739	0
2032.769229	0
2033.279718	0
2033.790208	0
2034.300697	0
2034.811187	0
2035.321676	0
2035.832166	0
2036.342655	0
2036.853145	0
2037.363634	0
2037.874124	0
2038.384613	0
2038.895103	0
2039.405592	0
2039.916082	0
2040.426571	0
2040.937061	0
2041.44755	0
2041.95804	0
2042.46853	0
2042.979019	0
2043.489509	0
2043.999998	0
2044.510488	0
2045.020977	0
2045.531467	0
2046.041956	0
2046.552446	0
2047.062935	0
2047.573425	0
2048.083914	0
2048.594404	0
2049.104893	0
2049.615383	0
2050.125872	1
2050.636362	0
2051.146851	0
2051.657341	0
2052.16783	0
2052.67832	1
2053.188809	0
2053.699299	0
2054.209788	0
2054.720278	0
2055.230767	0
2055.741257	0
2056.251746	0
2056.762236	0
2057.272725	0
2057.783215	0
2058.293704	0
2058.804194	0
2059.314683	0
2059.825173	0
2060.335662	0
2060.846152	0
2061.356641	0
2061.867131	0
2062.37762	0
2062.88811	1
2063.398599	0
2063.909089	0
2064.419578	0
2064.930068	0
2065.440557	0
2065.951047	0
2066.461536	0
2066.972026	0
2067.482516	0
2067.993005	0
2068.503495	0
2069.013984	0
2069.524474	0
2070.034963	0
2070.545453	0
2071.055942	0
2071.566432	0
2072.076921	0
2072.587411	0
2073.0979	0
2073.60839	0
2074.118879	0
2074.629369	0
2075.139858	0
2075.650348	0
2076.160837	0
2076.671327	0
2077.181816	0
2077.692306	0
2078.202795	0
2078.713285	0
2079.223774	0
2079.734264	0
2080.244753	0
2080.755243	0
2081.265732	0
2081.776222	0
2082.286711	0
2082.797201	0
2083.30769	0
2083.81818	0
2084.328669	0
2084.839159	0
2085.349648	1
2085.860138	0
2086.370627	0
2086.881117	0
2087.391606	0
2087.902096	0
2088.412585	0
2088.923075	0
2089.433564	0
2089.944054	0
2090.454543	0
2090.965033	0